 0.340365 0.371759 0.389187 0.343877 0.247571 -0.990766 0.327997 -0.161683 0.000000 3214.000000
 0.340372 0.371754 0.389196 0.343886 0.247517 -0.990767 0.327979 -0.161735 0.000000 3215.000000
 0.340377 0.371753 0.389201 0.343895 0.247466 -0.990767 0.327959 -0.161791 0.000000 3216.000000
 0.340385 0.371750 0.389209 0.343902 0.247412 -0.990765 0.327938 -0.161843 0.000000 3217.000000
 0.340393 0.371749 0.389218 0.343907 0.247356 -0.990766 0.327919 -0.161893 0.000000 3218.000000
 0.340403 0.371746 0.389225 0.343914 0.247302 -0.990767 0.327900 -0.161946 0.000000 3219.000000
 0.340413 0.371740 0.389231 0.343920 0.247248 -0.990766 0.327883 -0.161999 0.000000 3220.000000
 0.340421 0.371735 0.389238 0.343928 0.247193 -0.990765 0.327865 -0.162053 0.000000 3221.000000
 0.340429 0.371731 0.389246 0.343936 0.247137 -0.990766 0.327845 -0.162111 0.000000 3222.000000
 0.340439 0.371729 0.389255 0.343944 0.247083 -0.990765 0.327826 -0.162167 0.000000 3223.000000
 0.340448 0.371725 0.389261 0.343951 0.247027 -0.990763 0.327806 -0.162220 0.000000 3224.000000
 0.340454 0.371722 0.389266 0.343961 0.246971 -0.990764 0.327784 -0.162274 0.000000 3225.000000
 0.340458 0.371720 0.389270 0.343971 0.246918 -0.990765 0.327764 -0.162328 0.000000 3226.000000
 0.340464 0.371716 0.389277 0.343980 0.246867 -0.990763 0.327745 -0.162382 0.000000 3227.000000
 0.340472 0.371711 0.389286 0.343989 0.246813 -0.990763 0.327727 -0.162439 0.000000 3228.000000
 0.340481 0.371707 0.389288 0.343998 0.246759 -0.990763 0.327704 -0.162493 0.000000 3229.000000
 0.340491 0.371703 0.389294 0.344007 0.246706 -0.990764 0.327685 -0.162546 0.000000 3230.000000
 0.340499 0.371699 0.389299 0.344014 0.246654 -0.990762 0.327664 -0.162599 0.000000 3231.000000
 0.340510 0.371697 0.389303 0.344024 0.246600 -0.990763 0.327642 -0.162654 0.000000 3232.000000
 0.340520 0.371696 0.389310 0.344032 0.246547 -0.990762 0.327623 -0.162710 0.000000 3233.000000
 0.340528 0.371691 0.389316 0.344041 0.246493 -0.990762 0.327603 -0.162767 0.000000 3234.000000
 0.340535 0.371687 0.389324 0.344051 0.246441 -0.990762 0.327584 -0.162823 0.000000 3235.000000
 0.340539 0.371685 0.389332 0.344060 0.246388 -0.990761 0.327568 -0.162876 0.000000 3236.000000
 0.340544 0.371682 0.389338 0.344068 0.246332 -0.990761 0.327547 -0.162933 0.000000 3237.000000
 0.340550 0.371678 0.389343 0.344077 0.246279 -0.990760 0.327527 -0.162989 0.000000 3238.000000
 0.340558 0.371676 0.389353 0.344085 0.246223 -0.990760 0.327510 -0.163045 0.000000 3239.000000
 0.340567 0.371674 0.389360 0.344093 0.246166 -0.990760 0.327489 -0.163100 0.000000 3240.000000
 0.340575 0.371672 0.389367 0.344103 0.246111 -0.990759 0.327466 -0.163153 0.000000 3241.000000
 0.340586 0.371666 0.389373 0.344110 0.246055 -0.990759 0.327446 -0.163209 0.000000 3242.000000
 0.340596 0.371662 0.389380 0.344117 0.246002 -0.990760 0.327427 -0.163267 0.000000 3243.000000
 0.340604 0.371661 0.389387 0.344129 0.245950 -0.990760 0.327407 -0.163324 0.000000 3244.000000
 0.340609 0.371661 0.389396 0.344139 0.245896 -0.990759 0.327387 -0.163382 0.000000 3245.000000
 0.340616 0.371659 0.389405 0.344147 0.245840 -0.990758 0.327370 -0.163439 0.000000 3246.000000
 0.340627 0.371658 0.389415 0.344157 0.245787 -0.990758 0.327352 -0.163495 0.000000 3247.000000
 0.340634 0.371655 0.389422 0.344167 0.245732 -0.990759 0.327329 -0.163550 0.000000 3248.000000
 0.340641 0.371652 0.389430 0.344174 0.245674 -0.990758 0.327308 -0.163606 0.000000 3249.000000
 0.340655 0.371648 0.389436 0.344180 0.245620 -0.990758 0.327290 -0.163663 0.000000 3250.000000
 0.340667 0.371645 0.389443 0.344186 0.245562 -0.990758 0.327271 -0.163717 0.000000 3251.000000
 0.340678 0.371643 0.389448 0.344197 0.245507 -0.990758 0.327253 -0.163771 0.000000 3252.000000
 0.340688 0.371641 0.389457 0.344204 0.245452 -0.990758 0.327234 -0.163824 0.000000 3253.000000
 0.340699 0.371638 0.389464 0.344212 0.245398 -0.990757 0.327214 -0.163876 0.000000 3254.000000
 0.340706 0.371634 0.389468 0.344221 0.245341 -0.990759 0.327198 -0.163930 0.000000 3255.000000
 0.340714 0.371633 0.389474 0.344229 0.245285 -0.990757 0.327179 -0.163986 0.000000 3256.000000
 0.340722 0.371633 0.389483 0.344240 0.245233 -0.990757 0.327160 -0.164040 0.000000 3257.000000
 0.340732 0.371630 0.389487 0.344250 0.245180 -0.990756 0.327141 -0.164094 0.000000 3258.000000
 0.340743 0.371626 0.389493 0.344259 0.245126 -0.990754 0.327120 -0.164144 0.000000 3259.000000
 0.340754 0.371622 0.389499 0.344267 0.245071 -0.990755 0.327100 -0.164196 0.000000 3260.000000
 0.340767 0.371620 0.389502 0.344273 0.245016 -0.990754 0.327079 -0.164250 0.000000 3261.000000
 0.340779 0.371618 0.389507 0.344280 0.244958 -0.990754 0.327060 -0.164303 0.000000 3262.000000
 0.340786 0.371614 0.389512 0.344288 0.244904 -0.990755 0.327043 -0.164356 0.000000 3263.000000
 0.340796 0.371614 0.389522 0.344296 0.244850 -0.990755 0.327023 -0.164410 0.000000 3264.000000
 0.340805 0.371614 0.389529 0.344306 0.244794 -0.990754 0.327002 -0.164464 0.000000 3265.000000
 0.340814 0.371613 0.389534 0.344313 0.244741 -0.990753 0.326981 -0.164519 0.000000 3266.000000
 0.340823 0.371614 0.389541 0.344321 0.244689 -0.990754 0.326961 -0.164576 0.000000 3267.000000
 0.340830 0.371612 0.389549 0.344331 0.244636 -0.990753 0.326940 -0.164631 0.000000 3268.000000
 0.340839 0.371609 0.389557 0.344338 0.244581 -0.990752 0.326918 -0.164684 0.000000 3269.000000
 0.340852 0.371607 0.389567 0.344342 0.244527 -0.990752 0.326896 -0.164737 0.000000 3270.000000
 0.340864 0.371604 0.389576 0.344352 0.244472 -0.990752 0.326872 -0.164792 0.000000 3271.000000
 0.340876 0.371602 0.389583 0.344362 0.244415 -0.990752 0.326853 -0.164846 0.000000 3272.000000
 0.340886 0.371599 0.389592 0.344368 0.244358 -0.990751 0.326832 -0.164899 0.000000 3273.000000
 0.340897 0.371594 0.389600 0.344377 0.244302 -0.990752 0.326810 -0.164956 0.000000 3274.000000
 0.340909 0.371591 0.389607 0.344387 0.244247 -0.990750 0.326791 -0.165007 0.000000 3275.000000
 0.340916 0.371592 0.389614 0.344398 0.244191 -0.990750 0.326771 -0.165054 0.000000 3276.000000
 0.340924 0.371589 0.389624 0.344409 0.244136 -0.990748 0.326750 -0.165108 0.000000 3277.000000
 0.340932 0.371588 0.389633 0.344419 0.244083 -0.990748 0.326729 -0.165164 0.000000 3278.000000
 0.340944 0.371586 0.389641 0.344429 0.244027 -0.990750 0.326711 -0.165218 0.000000 3279.000000
 0.340954 0.371584 0.389651 0.344440 0.243974 -0.990752 0.326688 -0.165272 0.000000 3280.000000
 0.340968 0.371581 0.389660 0.344447 0.243916 -0.990750 0.326664 -0.165324 0.000000 3281.000000
 0.340980 0.371577 0.389666 0.344456 0.243860 -0.990750 0.326644 -0.165377 0.000000 3282.000000
 0.340991 0.371576 0.389672 0.344465 0.243803 -0.990749 0.326624 -0.165430 0.000000 3283.000000
 0.340998 0.371574 0.389679 0.344474 0.243747 -0.990749 0.326607 -0.165484 0.000000 3284.000000
 0.341005 0.371573 0.389688 0.344483 0.243691 -0.990750 0.326587 -0.165539 0.000000 3285.000000
 0.341012 0.371571 0.389696 0.344497 0.243637 -0.990749 0.326566 -0.165591 0.000000 3286.000000
 0.341021 0.371569 0.389703 0.344507 0.243581 -0.990747 0.326550 -0.165644 0.000000 3287.000000
 0.341032 0.371565 0.389710 0.344517 0.243529 -0.990747 0.326529 -0.165697 0.000000 3288.000000
 0.341043 0.371562 0.389720 0.344524 0.243476 -0.990746 0.326509 -0.165751 0.000000 3289.000000
 0.341055 0.371557 0.389728 0.344530 0.243418 -0.990747 0.326490 -0.165804 0.000000 3290.000000
 0.341070 0.371551 0.389736 0.344539 0.243364 -0.990747 0.326471 -0.165861 0.000000 3291.000000
 0.341083 0.371548 0.389743 0.344551 0.243311 -0.990746 0.326452 -0.165918 0.000000 3292.000000
 0.341094 0.371545 0.389748 0.344560 0.243257 -0.990746 0.326430 -0.165972 0.000000 3293.000000
 0.341106 0.371540 0.389755 0.344569 0.243200 -0.990746 0.326409 -0.166026 0.000000 3294.000000
 0.341117 0.371539 0.389764 0.344582 0.243147 -0.990746 0.326389 -0.166079 0.000000 3295.000000
 0.341127 0.371537 0.389770 0.344592 0.243091 -0.990745 0.326370 -0.166133 0.000000 3296.000000
 0.341139 0.371532 0.389778 0.344601 0.243036 -0.990745 0.326350 -0.166190 0.000000 3297.000000
 0.341152 0.371528 0.389787 0.344607 0.242980 -0.990744 0.326328 -0.166242 0.000000 3298.000000
 0.341163 0.371526 0.389795 0.344614 0.242923 -0.990745 0.326308 -0.166294 0.000000 3299.000000
 0.341175 0.371522 0.389804 0.344620 0.242867 -0.990744 0.326287 -0.166347 0.000000 3300.000000
 0.341190 0.371520 0.389811 0.344626 0.242814 -0.990743 0.326266 -0.166403 0.000000 3301.000000
 0.341202 0.371519 0.389819 0.344632 0.242757 -0.990742 0.326245 -0.166459 0.000000 3302.000000
 0.341215 0.371517 0.389826 0.344639 0.242702 -0.990742 0.326223 -0.166512 0.000000 3303.000000
 0.341225 0.371512 0.389834 0.344645 0.242648 -0.990743 0.326203 -0.166566 0.000000 3304.000000
 0.341234 0.371507 0.389839 0.344654 0.242595 -0.990742 0.326182 -0.166621 0.000000 3305.000000
 0.341244 0.371506 0.389844 0.344661 0.242540 -0.990743 0.326162 -0.166675 0.000000 3306.000000
 0.341253 0.371506 0.389851 0.344671 0.242485 -0.990743 0.326140 -0.166726 0.000000 3307.000000
 0.341263 0.371505 0.389859 0.344679 0.242429 -0.990743 0.326121 -0.166782 0.000000 3308.000000
 0.341274 0.371503 0.389868 0.344689 0.242375 -0.990743 0.326103 -0.166838 0.000000 3309.000000
 0.341287 0.371501 0.389878 0.344697 0.242318 -0.990742 0.326082 -0.166894 0.000000 3310.000000
 0.341299 0.371500 0.389884 0.344704 0.242261 -0.990740 0.326059 -0.166945 0.000000 3311.000000
 0.341308 0.371496 0.389892 0.344712 0.242208 -0.990742 0.326037 -0.166998 0.000000 3312.000000
 0.341317 0.371490 0.389901 0.344719 0.242153 -0.990742 0.326016 -0.167053 0.000000 3313.000000
 0.341325 0.371490 0.389910 0.344730 0.242096 -0.990742 0.325997 -0.167108 0.000000 3314.000000
 0.341333 0.371490 0.389920 0.344740 0.242043 -0.990741 0.325977 -0.167161 0.000000 3315.000000
 0.341343 0.371490 0.389927 0.344746 0.241991 -0.990741 0.325957 -0.167215 0.000000 3316.000000
 0.341352 0.371486 0.389937 0.344754 0.241934 -0.990738 0.325936 -0.167267 0.000000 3317.000000
 0.341357 0.371486 0.389947 0.344764 0.241878 -0.990740 0.325914 -0.167319 0.000000 3318.000000
 0.341368 0.371486 0.389955 0.344771 0.241824 -0.990740 0.325892 -0.167374 0.000000 3319.000000
 0.341381 0.371483 0.389964 0.344779 0.241773 -0.990739 0.325871 -0.167427 0.000000 3320.000000
 0.341393 0.371480 0.389972 0.344787 0.241717 -0.990740 0.325853 -0.167483 0.000000 3321.000000
 0.341403 0.371477 0.389979 0.344794 0.241662 -0.990739 0.325833 -0.167535 0.000000 3322.000000
 0.341415 0.371479 0.389989 0.344798 0.241609 -0.990739 0.325812 -0.167586 0.000000 3323.000000
 0.341422 0.371478 0.389997 0.344807 0.241557 -0.990738 0.325792 -0.167640 0.000000 3324.000000
 0.341431 0.371478 0.390004 0.344819 0.241502 -0.990737 0.325772 -0.167695 0.000000 3325.000000
 0.341441 0.371479 0.390014 0.344827 0.241445 -0.990738 0.325751 -0.167750 0.000000 3326.000000
 0.341450 0.371477 0.390024 0.344836 0.241391 -0.990737 0.325731 -0.167804 0.000000 3327.000000
 0.341458 0.371474 0.390033 0.344844 0.241335 -0.990734 0.325710 -0.167854 0.000000 3328.000000
 0.341465 0.371473 0.390041 0.344851 0.241279 -0.990736 0.325687 -0.167907 0.000000 3329.000000
 0.341477 0.371470 0.390053 0.344860 0.241224 -0.990738 0.325669 -0.167959 0.000000 3330.000000
 0.341488 0.371470 0.390062 0.344870 0.241167 -0.990737 0.325649 -0.168012 0.000000 3331.000000
 0.341498 0.371468 0.390068 0.344881 0.241112 -0.990736 0.325627 -0.168067 0.000000 3332.000000
 0.341509 0.371466 0.390077 0.344889 0.241058 -0.990737 0.325606 -0.168124 0.000000 3333.000000
 0.341517 0.371463 0.390087 0.344897 0.240999 -0.990737 0.325585 -0.168180 0.000000 3334.000000
 0.341522 0.371461 0.390098 0.344907 0.240944 -0.990735 0.325565 -0.168234 0.000000 3335.000000
 0.341532 0.371460 0.390107 0.344915 0.240889 -0.990736 0.325548 -0.168289 0.000000 3336.000000
 0.341539 0.371457 0.390118 0.344921 0.240834 -0.990736 0.325529 -0.168344 0.000000 3337.000000
 0.341547 0.371456 0.390131 0.344930 0.240780 -0.990735 0.325510 -0.168396 0.000000 3338.000000
 0.341558 0.371452 0.390139 0.344936 0.240727 -0.990735 0.325488 -0.168451 0.000000 3339.000000
 0.341566 0.371451 0.390148 0.344942 0.240676 -0.990735 0.325467 -0.168506 0.000000 3340.000000
 0.341574 0.371449 0.390157 0.344951 0.240619 -0.990735 0.325445 -0.168560 0.000000 3341.000000
 0.341584 0.371446 0.390166 0.344958 0.240562 -0.990734 0.325422 -0.168612 0.000000 3342.000000
 0.341595 0.371444 0.390175 0.344967 0.240508 -0.990734 0.325400 -0.168664 0.000000 3343.000000
 0.341604 0.371442 0.390182 0.344974 0.240452 -0.990733 0.325381 -0.168719 0.000000 3344.000000
 0.341611 0.371444 0.390193 0.344984 0.240396 -0.990732 0.325361 -0.168773 0.000000 3345.000000
 0.341616 0.371442 0.390201 0.344997 0.240341 -0.990734 0.325342 -0.168827 0.000000 3346.000000
 0.341624 0.371439 0.390208 0.345009 0.240286 -0.990732 0.325320 -0.168878 0.000000 3347.000000
 0.341633 0.371438 0.390214 0.345018 0.240229 -0.990730 0.325300 -0.168932 0.000000 3348.000000
 0.341641 0.371436 0.390224 0.345028 0.240173 -0.990729 0.325283 -0.168985 0.000000 3349.000000
 0.341651 0.371431 0.390231 0.345036 0.240119 -0.990731 0.325262 -0.169036 0.000000 3350.000000
 0.341663 0.371431 0.390238 0.345047 0.240063 -0.990731 0.325241 -0.169091 0.000000 3351.000000
 0.341674 0.371429 0.390245 0.345056 0.240008 -0.990730 0.325222 -0.169145 0.000000 3352.000000
 0.341687 0.371428 0.390253 0.345066 0.239952 -0.990730 0.325200 -0.169197 0.000000 3353.000000
 0.341697 0.371427 0.390261 0.345076 0.239897 -0.990730 0.325179 -0.169252 0.000000 3354.000000
 0.341703 0.371423 0.390269 0.345085 0.239845 -0.990729 0.325159 -0.169305 0.000000 3355.000000
 0.341715 0.371422 0.390276 0.345094 0.239789 -0.990729 0.325139 -0.169355 0.000000 3356.000000
 0.341723 0.371418 0.390285 0.345102 0.239738 -0.990729 0.325118 -0.169408 0.000000 3357.000000
 0.341735 0.371415 0.390293 0.345111 0.239687 -0.990729 0.325098 -0.169460 0.000000 3358.000000
 0.341747 0.371410 0.390302 0.345123 0.239631 -0.990730 0.325076 -0.169513 0.000000 3359.000000
 0.341759 0.371403 0.390310 0.345133 0.239575 -0.990730 0.325056 -0.169566 0.000000 3360.000000
 0.341774 0.371401 0.390317 0.345140 0.239520 -0.990729 0.325034 -0.169617 0.000000 3361.000000
 0.341788 0.371399 0.390323 0.345150 0.239464 -0.990728 0.325013 -0.169672 0.000000 3362.000000
 0.341799 0.371394 0.390329 0.345158 0.239403 -0.990727 0.324993 -0.169727 0.000000 3363.000000
 0.341809 0.371387 0.390336 0.345167 0.239347 -0.990728 0.324973 -0.169779 0.000000 3364.000000
 0.341819 0.371386 0.390346 0.345179 0.239291 -0.990727 0.324953 -0.169834 0.000000 3365.000000
 0.341828 0.371384 0.390354 0.345189 0.239236 -0.990728 0.324934 -0.169887 0.000000 3366.000000
 0.341837 0.371380 0.390361 0.345195 0.239180 -0.990727 0.324916 -0.169940 0.000000 3367.000000
 0.341846 0.371378 0.390371 0.345205 0.239125 -0.990727 0.324899 -0.169993 0.000000 3368.000000
 0.341856 0.371378 0.390377 0.345214 0.239069 -0.990726 0.324878 -0.170045 0.000000 3369.000000
 0.341867 0.371373 0.390386 0.345224 0.239012 -0.990725 0.324857 -0.170099 0.000000 3370.000000
 0.341878 0.371369 0.390397 0.345232 0.238956 -0.990725 0.324836 -0.170153 0.000000 3371.000000
 0.341890 0.371368 0.390406 0.345241 0.238903 -0.990725 0.324814 -0.170207 0.000000 3372.000000
 0.341898 0.371366 0.390414 0.345250 0.238848 -0.990725 0.324792 -0.170261 0.000000 3373.000000
 0.341908 0.371367 0.390422 0.345260 0.238791 -0.990725 0.324770 -0.170313 0.000000 3374.000000
 0.341917 0.371365 0.390433 0.345271 0.238736 -0.990724 0.324753 -0.170368 0.000000 3375.000000
 0.341925 0.371362 0.390441 0.345283 0.238682 -0.990724 0.324734 -0.170422 0.000000 3376.000000
 0.341937 0.371359 0.390450 0.345291 0.238626 -0.990724 0.324715 -0.170476 0.000000 3377.000000
 0.341944 0.371357 0.390460 0.345299 0.238569 -0.990723 0.324695 -0.170529 0.000000 3378.000000
 0.341953 0.371357 0.390467 0.345307 0.238511 -0.990724 0.324676 -0.170580 0.000000 3379.000000
 0.341965 0.371353 0.390473 0.345314 0.238457 -0.990724 0.324658 -0.170633 0.000000 3380.000000
 0.341979 0.371350 0.390477 0.345320 0.238404 -0.990724 0.324638 -0.170688 0.000000 3381.000000
 0.341992 0.371348 0.390486 0.345328 0.238348 -0.990724 0.324619 -0.170742 0.000000 3382.000000
 0.342003 0.371346 0.390495 0.345337 0.238288 -0.990722 0.324599 -0.170795 0.000000 3383.000000
 0.342011 0.371346 0.390506 0.345346 0.238231 -0.990722 0.324579 -0.170849 0.000000 3384.000000
 0.342020 0.371344 0.390515 0.345355 0.238172 -0.990722 0.324559 -0.170902 0.000000 3385.000000
 0.342029 0.371342 0.390521 0.345365 0.238115 -0.990722 0.324543 -0.170956 0.000000 3386.000000
 0.342039 0.371339 0.390531 0.345376 0.238058 -0.990721 0.324522 -0.171011 0.000000 3387.000000
 0.342050 0.371335 0.390543 0.345385 0.238001 -0.990722 0.324502 -0.171064 0.000000 3388.000000
 0.342062 0.371330 0.390555 0.345392 0.237943 -0.990720 0.324482 -0.171118 0.000000 3389.000000
 0.342075 0.371328 0.390563 0.345397 0.237884 -0.990721 0.324462 -0.171174 0.000000 3390.000000
 0.342084 0.371326 0.390572 0.345403 0.237827 -0.990720 0.324440 -0.171229 0.000000 3391.000000
 0.342093 0.371324 0.390583 0.345412 0.237770 -0.990720 0.324422 -0.171282 0.000000 3392.000000
 0.342101 0.371324 0.390592 0.345420 0.237715 -0.990720 0.324403 -0.171336 0.000000 3393.000000
 0.342111 0.371322 0.390601 0.345427 0.237660 -0.990721 0.324384 -0.171390 0.000000 3394.000000
 0.342120 0.371322 0.390610 0.345433 0.237601 -0.990719 0.324363 -0.171445 0.000000 3395.000000
 0.342130 0.371320 0.390619 0.345441 0.237545 -0.990718 0.324342 -0.171496 0.000000 3396.000000
 0.342138 0.371319 0.390628 0.345450 0.237491 -0.990716 0.324323 -0.171550 0.000000 3397.000000
 0.342149 0.371318 0.390637 0.345457 0.237436 -0.990717 0.324304 -0.171603 0.000000 3398.000000
 0.342159 0.371316 0.390646 0.345466 0.237378 -0.990717 0.324282 -0.171656 0.000000 3399.000000
 0.342170 0.371314 0.390656 0.345476 0.237321 -0.990718 0.324259 -0.171709 0.000000 3400.000000
 0.342182 0.371311 0.390664 0.345484 0.237263 -0.990720 0.324240 -0.171763 0.000000 3401.000000
 0.342195 0.371310 0.390673 0.345492 0.237205 -0.990719 0.324221 -0.171817 0.000000 3402.000000
 0.342206 0.371307 0.390681 0.345501 0.237148 -0.990717 0.324200 -0.171872 0.000000 3403.000000
 0.342218 0.371303 0.390688 0.345511 0.237094 -0.990717 0.324179 -0.171925 0.000000 3404.000000
 0.342227 0.371302 0.390697 0.345522 0.237039 -0.990717 0.324160 -0.171976 0.000000 3405.000000
 0.342233 0.371299 0.390703 0.345532 0.236984 -0.990718 0.324141 -0.172027 0.000000 3406.000000
 0.342242 0.371298 0.390713 0.345543 0.236930 -0.990717 0.324122 -0.172077 0.000000 3407.000000
 0.342252 0.371294 0.390723 0.345552 0.236876 -0.990716 0.324105 -0.172130 0.000000 3408.000000
 0.342265 0.371292 0.390732 0.345559 0.236821 -0.990717 0.324086 -0.172183 0.000000 3409.000000
 0.342276 0.371291 0.390739 0.345565 0.236764 -0.990717 0.324066 -0.172238 0.000000 3410.000000
 0.342290 0.371287 0.390747 0.345572 0.236708 -0.990716 0.324044 -0.172293 0.000000 3411.000000
 0.342305 0.371285 0.390751 0.345581 0.236652 -0.990715 0.324025 -0.172345 0.000000 3412.000000
 0.342318 0.371281 0.390760 0.345588 0.236597 -0.990715 0.324005 -0.172394 0.000000 3413.000000
 0.342329 0.371277 0.390769 0.345598 0.236544 -0.990714 0.323985 -0.172446 0.000000 3414.000000
 0.342338 0.371274 0.390776 0.345610 0.236489 -0.990714 0.323967 -0.172498 0.000000 3415.000000
 0.342344 0.371270 0.390783 0.345618 0.236435 -0.990713 0.323950 -0.172547 0.000000 3416.000000
 0.342352 0.371267 0.390791 0.345628 0.236379 -0.990714 0.323929 -0.172600 0.000000 3417.000000
 0.342361 0.371265 0.390802 0.345640 0.236325 -0.990714 0.323910 -0.172653 0.000000 3418.000000
 0.342373 0.371260 0.390812 0.345650 0.236271 -0.990714 0.323889 -0.172708 0.000000 3419.000000
 0.342385 0.371258 0.390817 0.345659 0.236213 -0.990712 0.323866 -0.172760 0.000000 3420.000000
 0.342399 0.371254 0.390825 0.345668 0.236158 -0.990712 0.323844 -0.172810 0.000000 3421.000000
 0.342411 0.371250 0.390831 0.345677 0.236103 -0.990712 0.323823 -0.172861 0.000000 3422.000000
 0.342420 0.371247 0.390837 0.345685 0.236046 -0.990712 0.323804 -0.172916 0.000000 3423.000000
 0.342428 0.371243 0.390845 0.345692 0.235987 -0.990713 0.323783 -0.172971 0.000000 3424.000000
 0.342436 0.371242 0.390853 0.345702 0.235932 -0.990711 0.323762 -0.173022 0.000000 3425.000000
 0.342444 0.371240 0.390860 0.345711 0.235879 -0.990711 0.323743 -0.173073 0.000000 3426.000000
 0.342455 0.371239 0.390868 0.345719 0.235825 -0.990713 0.323724 -0.173127 0.000000 3427.000000
 0.342465 0.371238 0.390876 0.345725 0.235771 -0.990712 0.323703 -0.173180 0.000000 3428.000000
 0.342474 0.371236 0.390885 0.345737 0.235718 -0.990712 0.323681 -0.173233 0.000000 3429.000000
 0.342487 0.371232 0.390892 0.345744 0.235663 -0.990712 0.323661 -0.173283 0.000000 3430.000000
 0.342499 0.371230 0.390900 0.345749 0.235608 -0.990710 0.323638 -0.173333 0.000000 3431.000000
 0.342515 0.371229 0.390909 0.345757 0.235554 -0.990709 0.323619 -0.173385 0.000000 3432.000000
 0.342526 0.371225 0.390917 0.345766 0.235498 -0.990709 0.323597 -0.173439 0.000000 3433.000000
 0.342533 0.371225 0.390925 0.345775 0.235444 -0.990710 0.323574 -0.173490 0.000000 3434.000000
 0.342542 0.371222 0.390931 0.345784 0.235387 -0.990709 0.323553 -0.173542 0.000000 3435.000000
 0.342551 0.371219 0.390939 0.345793 0.235335 -0.990709 0.323536 -0.173596 0.000000 3436.000000
 0.342562 0.371219 0.390947 0.345804 0.235279 -0.990708 0.323518 -0.173651 0.000000 3437.000000
 0.342571 0.371216 0.390953 0.345814 0.235222 -0.990708 0.323496 -0.173702 0.000000 3438.000000
 0.342580 0.371212 0.390960 0.345823 0.235166 -0.990708 0.323473 -0.173755 0.000000 3439.000000
 0.342591 0.371211 0.390967 0.345830 0.235112 -0.990708 0.323455 -0.173807 0.000000 3440.000000
 0.342600 0.371208 0.390974 0.345838 0.235059 -0.990708 0.323434 -0.173860 0.000000 3441.000000
 0.342612 0.371204 0.390982 0.345849 0.235004 -0.990706 0.323413 -0.173914 0.000000 3442.000000
 0.342621 0.371204 0.390988 0.345859 0.234948 -0.990706 0.323394 -0.173968 0.000000 3443.000000
 0.342630 0.371201 0.390996 0.345866 0.234894 -0.990706 0.323377 -0.174021 0.000000 3444.000000
 0.342638 0.371199 0.391006 0.345878 0.234839 -0.990706 0.323356 -0.174073 0.000000 3445.000000
 0.342645 0.371197 0.391015 0.345886 0.234780 -0.990705 0.323338 -0.174127 0.000000 3446.000000
 0.342652 0.371196 0.391027 0.345896 0.234729 -0.990705 0.323317 -0.174178 0.000000 3447.000000
 0.342662 0.371194 0.391038 0.345904 0.234675 -0.990705 0.323296 -0.174230 0.000000 3448.000000
 0.342672 0.371192 0.391046 0.345911 0.234619 -0.990704 0.323276 -0.174283 0.000000 3449.000000
 0.342682 0.371188 0.391055 0.345919 0.234562 -0.990706 0.323254 -0.174335 0.000000 3450.000000
 0.342693 0.371184 0.391061 0.345926 0.234507 -0.990705 0.323231 -0.174389 0.000000 3451.000000
 0.342703 0.371182 0.391071 0.345933 0.234451 -0.990704 0.323211 -0.174442 0.000000 3452.000000
 0.342715 0.371177 0.391081 0.345941 0.234395 -0.990704 0.323189 -0.174492 0.000000 3453.000000
 0.342725 0.371175 0.391090 0.345951 0.234339 -0.990703 0.323169 -0.174545 0.000000 3454.000000
 0.342734 0.371173 0.391100 0.345962 0.234285 -0.990703 0.323150 -0.174600 0.000000 3455.000000
 0.342744 0.371171 0.391108 0.345971 0.234232 -0.990704 0.323126 -0.174651 0.000000 3456.000000
 0.342754 0.371168 0.391116 0.345981 0.234177 -0.990703 0.323103 -0.174704 0.000000 3457.000000
 0.342763 0.371164 0.391125 0.345991 0.234122 -0.990701 0.323081 -0.174756 0.000000 3458.000000
 0.342773 0.371160 0.391137 0.345999 0.234066 -0.990702 0.323058 -0.174809 0.000000 3459.000000
 0.342781 0.371158 0.391148 0.346006 0.234009 -0.990703 0.323038 -0.174860 0.000000 3460.000000
 0.342791 0.371157 0.391157 0.346015 0.233954 -0.990702 0.323018 -0.174911 0.000000 3461.000000
 0.342801 0.371152 0.391166 0.346025 0.233900 -0.990703 0.322996 -0.174963 0.000000 3462.000000
 0.342811 0.371144 0.391174 0.346032 0.233846 -0.990701 0.322976 -0.175011 0.000000 3463.000000
 0.342820 0.371141 0.391183 0.346039 0.233793 -0.990701 0.322958 -0.175060 0.000000 3464.000000
 0.342831 0.371140 0.391191 0.346048 0.233742 -0.990701 0.322940 -0.175113 0.000000 3465.000000
 0.342836 0.371138 0.391199 0.346057 0.233689 -0.990700 0.322919 -0.175165 0.000000 3466.000000
 0.342843 0.371135 0.391206 0.346066 0.233632 -0.990700 0.322900 -0.175217 0.000000 3467.000000
 0.342854 0.371131 0.391214 0.346074 0.233577 -0.990700 0.322881 -0.175267 0.000000 3468.000000
 0.342864 0.371127 0.391223 0.346085 0.233524 -0.990700 0.322860 -0.175319 0.000000 3469.000000
 0.342875 0.371122 0.391231 0.346093 0.233470 -0.990699 0.322839 -0.175372 0.000000 3470.000000
 0.342884 0.371116 0.391236 0.346102 0.233416 -0.990698 0.322820 -0.175424 0.000000 3471.000000
 0.342893 0.371110 0.391243 0.346108 0.233361 -0.990699 0.322801 -0.175475 0.000000 3472.000000
 0.342905 0.371107 0.391253 0.346115 0.233304 -0.990699 0.322781 -0.175529 0.000000 3473.000000
 0.342913 0.371104 0.391263 0.346125 0.233250 -0.990698 0.322762 -0.175579 0.000000 3474.000000
 0.342919 0.371101 0.391274 0.346136 0.233195 -0.990698 0.322739 -0.175629 0.000000 3475.000000
 0.342925 0.371098 0.391285 0.346146 0.233141 -0.990699 0.322721 -0.175682 0.000000 3476.000000
 0.342935 0.371096 0.391295 0.346155 0.233085 -0.990699 0.322703 -0.175736 0.000000 3477.000000
 0.342945 0.371091 0.391304 0.346161 0.233029 -0.990698 0.322684 -0.175790 0.000000 3478.000000
 0.342954 0.371086 0.391310 0.346169 0.232975 -0.990697 0.322663 -0.175842 0.000000 3479.000000
 0.342969 0.371085 0.391317 0.346176 0.232918 -0.990696 0.322642 -0.175895 0.000000 3480.000000
 0.342979 0.371082 0.391325 0.346186 0.232862 -0.990697 0.322624 -0.175947 0.000000 3481.000000
 0.342989 0.371080 0.391333 0.346195 0.232808 -0.990696 0.322604 -0.175998 0.000000 3482.000000
 0.342996 0.371077 0.391339 0.346202 0.232753 -0.990696 0.322581 -0.176054 0.000000 3483.000000
 0.343005 0.371074 0.391344 0.346212 0.232696 -0.990698 0.322562 -0.176104 0.000000 3484.000000
 0.343016 0.371071 0.391350 0.346222 0.232640 -0.990696 0.322545 -0.176155 0.000000 3485.000000
 0.343022 0.371064 0.391355 0.346230 0.232586 -0.990696 0.322528 -0.176207 0.000000 3486.000000
 0.343029 0.371061 0.391363 0.346240 0.232534 -0.990695 0.322509 -0.176260 0.000000 3487.000000
 0.343037 0.371058 0.391373 0.346251 0.232481 -0.990696 0.322490 -0.176311 0.000000 3488.000000
 0.343044 0.371055 0.391382 0.346263 0.232427 -0.990696 0.322468 -0.176362 0.000000 3489.000000
 0.343052 0.371054 0.391388 0.346273 0.232372 -0.990694 0.322450 -0.176418 0.000000 3490.000000
 0.343062 0.371051 0.391396 0.346283 0.232316 -0.990694 0.322433 -0.176473 0.000000 3491.000000
 0.343073 0.371047 0.391405 0.346290 0.232259 -0.990695 0.322414 -0.176524 0.000000 3492.000000
 0.343086 0.371042 0.391412 0.346299 0.232204 -0.990694 0.322395 -0.176578 0.000000 3493.000000
 0.343097 0.371040 0.391421 0.346310 0.232149 -0.990695 0.322375 -0.176631 0.000000 3494.000000
 0.343105 0.371038 0.391432 0.346319 0.232091 -0.990695 0.322353 -0.176683 0.000000 3495.000000
 0.343111 0.371034 0.391440 0.346331 0.232035 -0.990693 0.322336 -0.176735 0.000000 3496.000000
 0.343119 0.371032 0.391448 0.346341 0.231980 -0.990692 0.322320 -0.176787 0.000000 3497.000000
 0.343128 0.371027 0.391459 0.346351 0.231925 -0.990692 0.322300 -0.176841 0.000000 3498.000000
 0.343137 0.371023 0.391469 0.346360 0.231871 -0.990695 0.322279 -0.176895 0.000000 3499.000000
 0.343147 0.371020 0.391475 0.346369 0.231817 -0.990694 0.322261 -0.176949 0.000000 3500.000000
 0.343157 0.371016 0.391484 0.346378 0.231762 -0.990693 0.322240 -0.177000 0.000000 3501.000000
 0.343165 0.371010 0.391495 0.346386 0.231708 -0.990691 0.322220 -0.177052 0.000000 3502.000000
 0.343171 0.371009 0.391502 0.346397 0.231653 -0.990691 0.322201 -0.177104 0.000000 3503.000000
 0.343177 0.371008 0.391507 0.346406 0.231596 -0.990691 0.322183 -0.177158 0.000000 3504.000000
 0.343183 0.371005 0.391514 0.346414 0.231542 -0.990691 0.322165 -0.177210 0.000000 3505.000000
 0.343192 0.371003 0.391522 0.346419 0.231487 -0.990692 0.322147 -0.177261 0.000000 3506.000000
 0.343198 0.371002 0.391531 0.346429 0.231435 -0.990692 0.322128 -0.177311 0.000000 3507.000000
 0.343203 0.371001 0.391541 0.346437 0.231381 -0.990691 0.322109 -0.177361 0.000000 3508.000000
 0.343208 0.371000 0.391547 0.346444 0.231326 -0.990690 0.322093 -0.177414 0.000000 3509.000000
 0.343215 0.370997 0.391554 0.346453 0.231274 -0.990690 0.322073 -0.177467 0.000000 3510.000000
 0.343224 0.370995 0.391563 0.346461 0.231222 -0.990689 0.322049 -0.177517 0.000000 3511.000000
 0.343234 0.370991 0.391569 0.346470 0.231170 -0.990690 0.322028 -0.177566 0.000000 3512.000000
 0.343242 0.370987 0.391576 0.346479 0.231116 -0.990690 0.322008 -0.177620 0.000000 3513.000000
 0.343249 0.370984 0.391581 0.346489 0.231061 -0.990689 0.321989 -0.177672 0.000000 3514.000000
 0.343254 0.370983 0.391589 0.346502 0.231007 -0.990687 0.321968 -0.177724 0.000000 3515.000000
 0.343258 0.370982 0.391596 0.346512 0.230954 -0.990687 0.321950 -0.177779 0.000000 3516.000000
 0.343266 0.370982 0.391607 0.346521 0.230899 -0.990687 0.321933 -0.177830 0.000000 3517.000000
 0.343273 0.370979 0.391617 0.346531 0.230842 -0.990686 0.321914 -0.177879 0.000000 3518.000000
 0.343280 0.370974 0.391625 0.346541 0.230786 -0.990687 0.321893 -0.177932 0.000000 3519.000000
 0.343289 0.370971 0.391633 0.346549 0.230732 -0.990686 0.321875 -0.177987 0.000000 3520.000000
 0.343297 0.370967 0.391638 0.346556 0.230677 -0.990685 0.321857 -0.178039 0.000000 3521.000000
 0.343306 0.370962 0.391646 0.346565 0.230621 -0.990685 0.321835 -0.178093 0.000000 3522.000000
 0.343315 0.370962 0.391658 0.346575 0.230565 -0.990685 0.321814 -0.178145 0.000000 3523.000000
 0.343320 0.370961 0.391666 0.346583 0.230511 -0.990685 0.321795 -0.178197 0.000000 3524.000000
 0.343325 0.370957 0.391671 0.346591 0.230458 -0.990685 0.321776 -0.178249 0.000000 3525.000000
 0.343330 0.370955 0.391680 0.346601 0.230402 -0.990686 0.321755 -0.178301 0.000000 3526.000000
 0.343338 0.370955 0.391689 0.346614 0.230345 -0.990686 0.321737 -0.178351 0.000000 3527.000000
 0.343342 0.370953 0.391698 0.346624 0.230292 -0.990684 0.321717 -0.178402 0.000000 3528.000000
 0.343350 0.370949 0.391706 0.346632 0.230235 -0.990684 0.321698 -0.178454 0.000000 3529.000000
 0.343362 0.370947 0.391711 0.346642 0.230179 -0.990684 0.321679 -0.178508 0.000000 3530.000000
 0.343372 0.370944 0.391718 0.346650 0.230122 -0.990683 0.321660 -0.178564 0.000000 3531.000000
 0.343383 0.370943 0.391726 0.346658 0.230066 -0.990683 0.321640 -0.178617 0.000000 3532.000000
 0.343391 0.370945 0.391732 0.346669 0.230010 -0.990683 0.321618 -0.178668 0.000000 3533.000000
 0.343401 0.370942 0.391739 0.346678 0.229954 -0.990683 0.321600 -0.178721 0.000000 3534.000000
 0.343407 0.370938 0.391751 0.346688 0.229898 -0.990683 0.321581 -0.178776 0.000000 3535.000000
 0.343412 0.370938 0.391761 0.346698 0.229844 -0.990684 0.321562 -0.178830 0.000000 3536.000000
 0.343417 0.370935 0.391771 0.346709 0.229790 -0.990684 0.321544 -0.178884 0.000000 3537.000000
 0.343428 0.370934 0.391781 0.346718 0.229735 -0.990684 0.321527 -0.178940 0.000000 3538.000000
 0.343438 0.370930 0.391788 0.346730 0.229679 -0.990683 0.321507 -0.178993 0.000000 3539.000000
 0.343445 0.370929 0.391796 0.346738 0.229626 -0.990683 0.321486 -0.179049 0.000000 3540.000000
 0.343454 0.370926 0.391804 0.346745 0.229571 -0.990682 0.321465 -0.179103 0.000000 3541.000000
 0.343463 0.370924 0.391813 0.346756 0.229515 -0.990681 0.321443 -0.179157 0.000000 3542.000000
 0.343473 0.370924 0.391822 0.346765 0.229460 -0.990682 0.321423 -0.179210 0.000000 3543.000000
 0.343483 0.370920 0.391827 0.346774 0.229403 -0.990681 0.321404 -0.179265 0.000000 3544.000000
 0.343493 0.370918 0.391831 0.346785 0.229349 -0.990682 0.321386 -0.179317 0.000000 3545.000000
 0.343499 0.370917 0.391839 0.346795 0.229297 -0.990680 0.321367 -0.179366 0.000000 3546.000000
 0.343509 0.370916 0.391847 0.346804 0.229243 -0.990680 0.321350 -0.179419 0.000000 3547.000000
 0.343519 0.370918 0.391855 0.346814 0.229187 -0.990679 0.321331 -0.179475 0.000000 3548.000000
 0.343527 0.370916 0.391861 0.346825 0.229134 -0.990679 0.321311 -0.179529 0.000000 3549.000000
 0.343537 0.370911 0.391870 0.346834 0.229081 -0.990679 0.321291 -0.179581 0.000000 3550.000000
 0.343548 0.370910 0.391875 0.346843 0.229023 -0.990679 0.321272 -0.179634 0.000000 3551.000000
 0.343557 0.370910 0.391882 0.346854 0.228966 -0.990678 0.321252 -0.179686 0.000000 3552.000000
 0.343565 0.370911 0.391892 0.346865 0.228912 -0.990678 0.321231 -0.179740 0.000000 3553.000000
 0.343572 0.370908 0.391901 0.346876 0.228857 -0.990678 0.321211 -0.179794 0.000000 3554.000000
 0.343582 0.370907 0.391910 0.346886 0.228800 -0.990677 0.321190 -0.179848 0.000000 3555.000000
 0.343592 0.370906 0.391917 0.346898 0.228743 -0.990677 0.321170 -0.179902 0.000000 3556.000000
 0.343602 0.370907 0.391929 0.346908 0.228684 -0.990676 0.321150 -0.179956 0.000000 3557.000000
 0.343611 0.370902 0.391938 0.346917 0.228627 -0.990677 0.321130 -0.180011 0.000000 3558.000000
 0.343622 0.370900 0.391945 0.346926 0.228574 -0.990678 0.321111 -0.180065 0.000000 3559.000000
 0.343633 0.370898 0.391957 0.346935 0.228520 -0.990675 0.321090 -0.180119 0.000000 3560.000000
 0.343645 0.370897 0.391966 0.346942 0.228463 -0.990676 0.321070 -0.180174 0.000000 3561.000000
 0.343655 0.370896 0.391974 0.346949 0.228408 -0.990675 0.321050 -0.180230 0.000000 3562.000000
 0.343664 0.370896 0.391983 0.346960 0.228353 -0.990676 0.321030 -0.180281 0.000000 3563.000000
 0.343674 0.370894 0.391992 0.346969 0.228296 -0.990676 0.321011 -0.180333 0.000000 3564.000000
 0.343682 0.370892 0.392000 0.346980 0.228242 -0.990676 0.320991 -0.180386 0.000000 3565.000000
 0.343691 0.370889 0.392012 0.346991 0.228187 -0.990675 0.320971 -0.180442 0.000000 3566.000000
 0.343700 0.370889 0.392021 0.347001 0.228133 -0.990675 0.320954 -0.180497 0.000000 3567.000000
 0.343711 0.370887 0.392032 0.347010 0.228080 -0.990674 0.320936 -0.180554 0.000000 3568.000000
 0.343722 0.370884 0.392040 0.347018 0.228022 -0.990673 0.320916 -0.180608 0.000000 3569.000000
 0.343732 0.370884 0.392050 0.347025 0.227969 -0.990673 0.320895 -0.180661 0.000000 3570.000000
 0.343744 0.370884 0.392059 0.347034 0.227915 -0.990673 0.320876 -0.180718 0.000000 3571.000000
 0.343755 0.370880 0.392065 0.347043 0.227861 -0.990673 0.320855 -0.180772 0.000000 3572.000000
 0.343762 0.370882 0.392074 0.347052 0.227807 -0.990674 0.320832 -0.180828 0.000000 3573.000000
 0.343770 0.370881 0.392084 0.347062 0.227756 -0.990674 0.320815 -0.180883 0.000000 3574.000000
 0.343779 0.370881 0.392093 0.347072 0.227703 -0.990673 0.320794 -0.180936 0.000000 3575.000000
 0.343787 0.370882 0.392103 0.347080 0.227647 -0.990672 0.320773 -0.180989 0.000000 3576.000000
 0.343792 0.370880 0.392114 0.347087 0.227593 -0.990672 0.320756 -0.181042 0.000000 3577.000000
 0.343800 0.370878 0.392125 0.347098 0.227538 -0.990671 0.320737 -0.181096 0.000000 3578.000000
 0.343811 0.370877 0.392137 0.347106 0.227483 -0.990670 0.320718 -0.181149 0.000000 3579.000000
 0.343823 0.370875 0.392146 0.347113 0.227431 -0.990671 0.320698 -0.181202 0.000000 3580.000000
 0.343835 0.370871 0.392152 0.347122 0.227375 -0.990670 0.320678 -0.181257 0.000000 3581.000000
 0.343845 0.370868 0.392160 0.347134 0.227320 -0.990672 0.320655 -0.181310 0.000000 3582.000000
 0.343857 0.370867 0.392169 0.347146 0.227267 -0.990672 0.320635 -0.181365 0.000000 3583.000000
 0.343866 0.370865 0.392178 0.347154 0.227212 -0.990672 0.320616 -0.181419 0.000000 3584.000000
 0.343874 0.370864 0.392186 0.347163 0.227155 -0.990670 0.320596 -0.181474 0.000000 3585.000000
 0.343884 0.370861 0.392196 0.347173 0.227099 -0.990670 0.320576 -0.181529 0.000000 3586.000000
 0.343890 0.370858 0.392204 0.347184 0.227042 -0.990670 0.320555 -0.181584 0.000000 3587.000000
 0.343900 0.370855 0.392213 0.347194 0.226988 -0.990669 0.320536 -0.181639 0.000000 3588.000000
 0.343909 0.370853 0.392223 0.347203 0.226932 -0.990669 0.320514 -0.181693 0.000000 3589.000000
 0.343920 0.370850 0.392231 0.347211 0.226876 -0.990669 0.320495 -0.181747 0.000000 3590.000000
 0.343932 0.370847 0.392238 0.347221 0.226823 -0.990668 0.320477 -0.181801 0.000000 3591.000000
 0.343944 0.370845 0.392246 0.347232 0.226769 -0.990668 0.320460 -0.181855 0.000000 3592.000000
 0.343954 0.370844 0.392256 0.347243 0.226713 -0.990669 0.320441 -0.181908 0.000000 3593.000000
 0.343964 0.370843 0.392263 0.347253 0.226656 -0.990668 0.320421 -0.181961 0.000000 3594.000000
 0.343972 0.370843 0.392271 0.347261 0.226602 -0.990667 0.320402 -0.182017 0.000000 3595.000000
 0.343981 0.370842 0.392282 0.347270 0.226547 -0.990668 0.320382 -0.182070 0.000000 3596.000000
 0.343987 0.370842 0.392291 0.347277 0.226493 -0.990669 0.320361 -0.182124 0.000000 3597.000000
 0.343996 0.370841 0.392300 0.347290 0.226440 -0.990668 0.320343 -0.182176 0.000000 3598.000000
 0.344009 0.370843 0.392307 0.347297 0.226381 -0.990667 0.320325 -0.182230 0.000000 3599.000000
 0.344022 0.370842 0.392317 0.347305 0.226326 -0.990667 0.320306 -0.182286 0.000000 3600.000000
 0.344032 0.370838 0.392325 0.347312 0.226272 -0.990668 0.320288 -0.182341 0.000000 3601.000000
 0.344041 0.370837 0.392335 0.347321 0.226217 -0.990668 0.320267 -0.182394 0.000000 3602.000000
 0.344050 0.370836 0.392344 0.347329 0.226161 -0.990666 0.320244 -0.182446 0.000000 3603.000000
 0.344056 0.370837 0.392355 0.347335 0.226105 -0.990665 0.320225 -0.182500 0.000000 3604.000000
 0.344062 0.370836 0.392363 0.347341 0.226051 -0.990666 0.320207 -0.182554 0.000000 3605.000000
 0.344070 0.370836 0.392373 0.347349 0.225996 -0.990666 0.320190 -0.182608 0.000000 3606.000000
 0.344078 0.370836 0.392380 0.347358 0.225942 -0.990664 0.320172 -0.182661 0.000000 3607.000000
 0.344089 0.370832 0.392392 0.347366 0.225886 -0.990665 0.320154 -0.182716 0.000000 3608.000000
 0.344098 0.370828 0.392403 0.347375 0.225831 -0.990665 0.320134 -0.182773 0.000000 3609.000000
 0.344108 0.370825 0.392414 0.347383 0.225776 -0.990663 0.320117 -0.182829 0.000000 3610.000000
 0.344117 0.370823 0.392425 0.347390 0.225719 -0.990663 0.320098 -0.182887 0.000000 3611.000000
 0.344128 0.370819 0.392434 0.347400 0.225665 -0.990665 0.320079 -0.182943 0.000000 3612.000000
 0.344139 0.370816 0.392440 0.347410 0.225612 -0.990662 0.320058 -0.182997 0.000000 3613.000000
 0.344146 0.370813 0.392449 0.347420 0.225558 -0.990662 0.320035 -0.183053 0.000000 3614.000000
 0.344153 0.370813 0.392457 0.347431 0.225505 -0.990661 0.320015 -0.183109 0.000000 3615.000000
 0.344160 0.370809 0.392466 0.347441 0.225452 -0.990660 0.319994 -0.183161 0.000000 3616.000000
 0.344167 0.370807 0.392475 0.347451 0.225397 -0.990660 0.319977 -0.183213 0.000000 3617.000000
 0.344176 0.370804 0.392484 0.347461 0.225342 -0.990660 0.319957 -0.183271 0.000000 3618.000000
 0.344187 0.370801 0.392491 0.347472 0.225288 -0.990661 0.319937 -0.183328 0.000000 3619.000000
 0.344199 0.370797 0.392496 0.347482 0.225233 -0.990661 0.319918 -0.183382 0.000000 3620.000000
 0.344212 0.370794 0.392505 0.347489 0.225179 -0.990660 0.319898 -0.183439 0.000000 3621.000000
 0.344225 0.370788 0.392513 0.347497 0.225123 -0.990661 0.319875 -0.183491 0.000000 3622.000000
 0.344234 0.370786 0.392521 0.347507 0.225070 -0.990660 0.319858 -0.183544 0.000000 3623.000000
 0.344243 0.370785 0.392528 0.347515 0.225016 -0.990661 0.319838 -0.183594 0.000000 3624.000000
 0.344252 0.370783 0.392540 0.347523 0.224959 -0.990662 0.319818 -0.183649 0.000000 3625.000000
 0.344260 0.370782 0.392548 0.347531 0.224904 -0.990660 0.319796 -0.183703 0.000000 3626.000000
 0.344269 0.370779 0.392554 0.347541 0.224850 -0.990659 0.319778 -0.183756 0.000000 3627.000000
 0.344279 0.370776 0.392565 0.347553 0.224793 -0.990659 0.319761 -0.183808 0.000000 3628.000000
 0.344289 0.370772 0.392572 0.347560 0.224738 -0.990659 0.319741 -0.183860 0.000000 3629.000000
 0.344301 0.370769 0.392578 0.347569 0.224682 -0.990659 0.319723 -0.183915 0.000000 3630.000000
 0.344311 0.370766 0.392587 0.347578 0.224626 -0.990658 0.319705 -0.183969 0.000000 3631.000000
 0.344321 0.370763 0.392595 0.347588 0.224571 -0.990658 0.319690 -0.184022 0.000000 3632.000000
 0.344331 0.370760 0.392604 0.347597 0.224514 -0.990659 0.319672 -0.184074 0.000000 3633.000000
 0.344342 0.370755 0.392616 0.347606 0.224458 -0.990658 0.319652 -0.184126 0.000000 3634.000000
 0.344348 0.370750 0.392623 0.347616 0.224405 -0.990657 0.319633 -0.184180 0.000000 3635.000000
 0.344354 0.370750 0.392629 0.347627 0.224350 -0.990658 0.319617 -0.184234 0.000000 3636.000000
 0.344361 0.370750 0.392640 0.347634 0.224295 -0.990656 0.319596 -0.184287 0.000000 3637.000000
 0.344370 0.370746 0.392651 0.347643 0.224239 -0.990656 0.319578 -0.184340 0.000000 3638.000000
 0.344380 0.370741 0.392659 0.347651 0.224186 -0.990656 0.319559 -0.184392 0.000000 3639.000000
 0.344389 0.370736 0.392666 0.347659 0.224134 -0.990655 0.319540 -0.184445 0.000000 3640.000000
 0.344403 0.370730 0.392675 0.347664 0.224080 -0.990654 0.319520 -0.184499 0.000000 3641.000000
 0.344416 0.370726 0.392682 0.347670 0.224025 -0.990655 0.319500 -0.184552 0.000000 3642.000000
 0.344423 0.370725 0.392691 0.347677 0.223968 -0.990655 0.319485 -0.184603 0.000000 3643.000000
 0.344432 0.370721 0.392701 0.347686 0.223914 -0.990655 0.319466 -0.184656 0.000000 3644.000000
 0.344440 0.370717 0.392709 0.347695 0.223858 -0.990655 0.319444 -0.184710 0.000000 3645.000000
 0.344450 0.370717 0.392718 0.347705 0.223802 -0.990656 0.319426 -0.184766 0.000000 3646.000000
 0.344458 0.370712 0.392727 0.347713 0.223752 -0.990653 0.319407 -0.184819 0.000000 3647.000000
 0.344467 0.370708 0.392736 0.347722 0.223698 -0.990652 0.319390 -0.184873 0.000000 3648.000000
 0.344475 0.370706 0.392746 0.347730 0.223642 -0.990653 0.319371 -0.184927 0.000000 3649.000000
 0.344488 0.370701 0.392755 0.347738 0.223588 -0.990653 0.319353 -0.184981 0.000000 3650.000000
 0.344501 0.370699 0.392765 0.347748 0.223532 -0.990653 0.319333 -0.185037 0.000000 3651.000000
 0.344508 0.370695 0.392774 0.347756 0.223473 -0.990654 0.319313 -0.185091 0.000000 3652.000000
 0.344514 0.370691 0.392783 0.347763 0.223417 -0.990653 0.319297 -0.185142 0.000000 3653.000000
 0.344523 0.370687 0.392790 0.347769 0.223362 -0.990651 0.319278 -0.185195 0.000000 3654.000000
 0.344532 0.370685 0.392798 0.347778 0.223309 -0.990653 0.319258 -0.185251 0.000000 3655.000000
 0.344539 0.370685 0.392805 0.347787 0.223255 -0.990653 0.319239 -0.185303 0.000000 3656.000000
 0.344547 0.370682 0.392812 0.347796 0.223201 -0.990651 0.319219 -0.185356 0.000000 3657.000000
 0.344558 0.370680 0.392817 0.347807 0.223146 -0.990652 0.319200 -0.185409 0.000000 3658.000000
 0.344569 0.370675 0.392826 0.347815 0.223092 -0.990653 0.319181 -0.185464 0.000000 3659.000000
 0.344580 0.370670 0.392836 0.347824 0.223035 -0.990651 0.319161 -0.185518 0.000000 3660.000000
 0.344591 0.370666 0.392841 0.347832 0.222979 -0.990650 0.319142 -0.185573 0.000000 3661.000000
 0.344602 0.370663 0.392846 0.347841 0.222925 -0.990650 0.319125 -0.185627 0.000000 3662.000000
 0.344616 0.370659 0.392852 0.347847 0.222871 -0.990651 0.319106 -0.185678 0.000000 3663.000000
 0.344624 0.370656 0.392860 0.347854 0.222819 -0.990649 0.319087 -0.185731 0.000000 3664.000000
 0.344633 0.370655 0.392867 0.347862 0.222765 -0.990650 0.319069 -0.185782 0.000000 3665.000000
 0.344641 0.370655 0.392876 0.347872 0.222713 -0.990650 0.319050 -0.185837 0.000000 3666.000000
 0.344651 0.370656 0.392883 0.347882 0.222658 -0.990649 0.319028 -0.185890 0.000000 3667.000000
 0.344662 0.370656 0.392891 0.347889 0.222603 -0.990650 0.319010 -0.185941 0.000000 3668.000000
 0.344670 0.370655 0.392898 0.347897 0.222550 -0.990649 0.318991 -0.185996 0.000000 3669.000000
 0.344681 0.370652 0.392907 0.347904 0.222494 -0.990648 0.318972 -0.186050 0.000000 3670.000000
 0.344690 0.370646 0.392913 0.347912 0.222442 -0.990647 0.318954 -0.186102 0.000000 3671.000000
 0.344701 0.370644 0.392920 0.347923 0.222388 -0.990649 0.318937 -0.186154 0.000000 3672.000000
 0.344712 0.370642 0.392925 0.347933 0.222332 -0.990648 0.318918 -0.186207 0.000000 3673.000000
 0.344722 0.370640 0.392932 0.347943 0.222278 -0.990648 0.318895 -0.186261 0.000000 3674.000000
 0.344732 0.370640 0.392940 0.347950 0.222220 -0.990650 0.318877 -0.186312 0.000000 3675.000000
 0.344743 0.370639 0.392947 0.347959 0.222162 -0.990648 0.318860 -0.186363 0.000000 3676.000000
 0.344751 0.370635 0.392955 0.347968 0.222109 -0.990646 0.318839 -0.186412 0.000000 3677.000000
 0.344758 0.370634 0.392963 0.347974 0.222051 -0.990646 0.318818 -0.186463 0.000000 3678.000000
 0.344768 0.370634 0.392973 0.347981 0.221996 -0.990646 0.318799 -0.186515 0.000000 3679.000000
 0.344780 0.370632 0.392981 0.347987 0.221943 -0.990646 0.318779 -0.186567 0.000000 3680.000000
 0.344789 0.370627 0.392989 0.347997 0.221887 -0.990646 0.318760 -0.186618 0.000000 3681.000000
 0.344800 0.370625 0.392996 0.348005 0.221830 -0.990644 0.318740 -0.186671 0.000000 3682.000000
 0.344810 0.370622 0.393005 0.348014 0.221776 -0.990645 0.318720 -0.186724 0.000000 3683.000000
 0.344818 0.370618 0.393012 0.348022 0.221720 -0.990644 0.318700 -0.186775 0.000000 3684.000000
 0.344826 0.370616 0.393021 0.348034 0.221665 -0.990644 0.318678 -0.186828 0.000000 3685.000000
 0.344836 0.370613 0.393029 0.348042 0.221612 -0.990644 0.318659 -0.186883 0.000000 3686.000000
 0.344846 0.370614 0.393035 0.348049 0.221558 -0.990644 0.318639 -0.186937 0.000000 3687.000000
 0.344856 0.370615 0.393044 0.348059 0.221504 -0.990645 0.318622 -0.186990 0.000000 3688.000000
 0.344866 0.370612 0.393056 0.348067 0.221448 -0.990645 0.318603 -0.187044 0.000000 3689.000000
 0.344876 0.370609 0.393063 0.348074 0.221392 -0.990645 0.318586 -0.187099 0.000000 3690.000000
 0.344889 0.370605 0.393072 0.348082 0.221338 -0.990642 0.318567 -0.187151 0.000000 3691.000000
 0.344899 0.370601 0.393080 0.348091 0.221285 -0.990642 0.318550 -0.187201 0.000000 3692.000000
 0.344909 0.370598 0.393085 0.348099 0.221229 -0.990643 0.318530 -0.187253 0.000000 3693.000000
 0.344917 0.370593 0.393093 0.348109 0.221171 -0.990642 0.318508 -0.187307 0.000000 3694.000000
 0.344927 0.370590 0.393103 0.348119 0.221115 -0.990642 0.318488 -0.187356 0.000000 3695.000000
 0.344935 0.370587 0.393112 0.348130 0.221060 -0.990642 0.318467 -0.187408 0.000000 3696.000000
 0.344944 0.370586 0.393121 0.348140 0.221005 -0.990642 0.318446 -0.187461 0.000000 3697.000000
 0.344952 0.370585 0.393129 0.348147 0.220950 -0.990642 0.318426 -0.187511 0.000000 3698.000000
 0.344962 0.370584 0.393139 0.348156 0.220891 -0.990642 0.318408 -0.187564 0.000000 3699.000000
 0.344972 0.370582 0.393147 0.348166 0.220836 -0.990642 0.318388 -0.187617 0.000000 3700.000000
 0.344984 0.370579 0.393152 0.348176 0.220781 -0.990640 0.318367 -0.187671 0.000000 3701.000000
 0.344996 0.370575 0.393158 0.348182 0.220722 -0.990640 0.318347 -0.187724 0.000000 3702.000000
 0.345008 0.370575 0.393164 0.348192 0.220667 -0.990642 0.318328 -0.187779 0.000000 3703.000000
 0.345019 0.370572 0.393170 0.348204 0.220613 -0.990641 0.318310 -0.187832 0.000000 3704.000000
 0.345027 0.370574 0.393174 0.348214 0.220556 -0.990638 0.318291 -0.187885 0.000000 3705.000000
 0.345032 0.370578 0.393181 0.348223 0.220498 -0.990638 0.318275 -0.187937 0.000000 3706.000000
 0.345041 0.370578 0.393188 0.348235 0.220446 -0.990639 0.318254 -0.187991 0.000000 3707.000000
 0.345053 0.370575 0.393195 0.348245 0.220394 -0.990639 0.318235 -0.188045 0.000000 3708.000000
 0.345066 0.370574 0.393200 0.348255 0.220337 -0.990639 0.318217 -0.188098 0.000000 3709.000000
 0.345073 0.370575 0.393204 0.348265 0.220284 -0.990640 0.318199 -0.188156 0.000000 3710.000000
 0.345084 0.370576 0.393213 0.348275 0.220231 -0.990639 0.318181 -0.188211 0.000000 3711.000000
 0.345094 0.370575 0.393218 0.348285 0.220173 -0.990638 0.318162 -0.188265 0.000000 3712.000000
 0.345104 0.370571 0.393223 0.348297 0.220118 -0.990639 0.318145 -0.188319 0.000000 3713.000000
 0.345112 0.370569 0.393229 0.348308 0.220065 -0.990638 0.318128 -0.188372 0.000000 3714.000000
 0.345121 0.370566 0.393233 0.348318 0.220013 -0.990638 0.318110 -0.188424 0.000000 3715.000000
 0.345127 0.370564 0.393240 0.348329 0.219958 -0.990638 0.318092 -0.188480 0.000000 3716.000000
 0.345135 0.370561 0.393245 0.348340 0.219903 -0.990636 0.318071 -0.188531 0.000000 3717.000000
 0.345143 0.370558 0.393254 0.348350 0.219850 -0.990637 0.318054 -0.188583 0.000000 3718.000000
 0.345153 0.370555 0.393264 0.348359 0.219796 -0.990635 0.318034 -0.188635 0.000000 3719.000000
 0.345163 0.370554 0.393272 0.348368 0.219744 -0.990636 0.318011 -0.188686 0.000000 3720.000000
 0.345172 0.370553 0.393280 0.348376 0.219691 -0.990638 0.317991 -0.188741 0.000000 3721.000000
 0.345181 0.370553 0.393287 0.348385 0.219641 -0.990636 0.317973 -0.188794 0.000000 3722.000000
 0.345192 0.370552 0.393294 0.348392 0.219586 -0.990636 0.317955 -0.188845 0.000000 3723.000000
 0.345204 0.370550 0.393302 0.348401 0.219530 -0.990635 0.317934 -0.188898 0.000000 3724.000000
 0.345213 0.370549 0.393312 0.348412 0.219475 -0.990635 0.317916 -0.188947 0.000000 3725.000000
 0.345221 0.370549 0.393318 0.348421 0.219419 -0.990636 0.317894 -0.188998 0.000000 3726.000000
 0.345229 0.370548 0.393325 0.348426 0.219365 -0.990634 0.317872 -0.189049 0.000000 3727.000000
 0.345235 0.370546 0.393329 0.348434 0.219310 -0.990634 0.317852 -0.189100 0.000000 3728.000000
 0.345244 0.370543 0.393336 0.348445 0.219255 -0.990634 0.317834 -0.189153 0.000000 3729.000000
 0.345256 0.370540 0.393342 0.348452 0.219197 -0.990634 0.317815 -0.189201 0.000000 3730.000000
 0.345268 0.370537 0.393349 0.348459 0.219142 -0.990632 0.317796 -0.189251 0.000000 3731.000000
 0.345275 0.370532 0.393354 0.348470 0.219091 -0.990632 0.317780 -0.189302 0.000000 3732.000000
 0.345283 0.370528 0.393358 0.348479 0.219036 -0.990632 0.317761 -0.189353 0.000000 3733.000000
 0.345291 0.370525 0.393363 0.348491 0.218981 -0.990632 0.317738 -0.189403 0.000000 3734.000000
 0.345301 0.370525 0.393366 0.348499 0.218926 -0.990633 0.317718 -0.189454 0.000000 3735.000000
 0.345308 0.370522 0.393371 0.348510 0.218871 -0.990632 0.317699 -0.189507 0.000000 3736.000000
 0.345315 0.370517 0.393381 0.348522 0.218814 -0.990632 0.317678 -0.189560 0.000000 3737.000000
 0.345324 0.370509 0.393388 0.348530 0.218757 -0.990631 0.317656 -0.189611 0.000000 3738.000000
 0.345335 0.370506 0.393394 0.348540 0.218701 -0.990632 0.317638 -0.189661 0.000000 3739.000000
 0.345346 0.370505 0.393398 0.348548 0.218643 -0.990632 0.317619 -0.189712 0.000000 3740.000000
 0.345356 0.370503 0.393405 0.348559 0.218585 -0.990630 0.317602 -0.189766 0.000000 3741.000000
 0.345366 0.370498 0.393409 0.348571 0.218529 -0.990629 0.317585 -0.189819 0.000000 3742.000000
 0.345376 0.370493 0.393417 0.348583 0.218472 -0.990631 0.317561 -0.189870 0.000000 3743.000000
 0.345384 0.370490 0.393423 0.348592 0.218419 -0.990630 0.317541 -0.189921 0.000000 3744.000000
 0.345389 0.370489 0.393429 0.348601 0.218367 -0.990629 0.317523 -0.189974 0.000000 3745.000000
 0.345397 0.370485 0.393435 0.348612 0.218315 -0.990629 0.317504 -0.190024 0.000000 3746.000000
 0.345405 0.370482 0.393443 0.348624 0.218261 -0.990629 0.317482 -0.190075 0.000000 3747.000000
 0.345413 0.370482 0.393449 0.348634 0.218206 -0.990630 0.317462 -0.190126 0.000000 3748.000000
 0.345422 0.370483 0.393453 0.348642 0.218149 -0.990628 0.317445 -0.190177 0.000000 3749.000000
 0.345430 0.370481 0.393459 0.348651 0.218095 -0.990628 0.317426 -0.190226 0.000000 3750.000000
 0.345439 0.370477 0.393460 0.348661 0.218038 -0.990629 0.317405 -0.190276 0.000000 3751.000000
 0.345448 0.370472 0.393466 0.348669 0.217982 -0.990628 0.317387 -0.190329 0.000000 3752.000000
 0.345457 0.370469 0.393473 0.348681 0.217926 -0.990628 0.317369 -0.190380 0.000000 3753.000000
 0.345465 0.370464 0.393478 0.348688 0.217873 -0.990627 0.317347 -0.190431 0.000000 3754.000000
 0.345476 0.370461 0.393485 0.348696 0.217818 -0.990627 0.317328 -0.190484 0.000000 3755.000000
 0.345487 0.370458 0.393492 0.348707 0.217760 -0.990627 0.317309 -0.190534 0.000000 3756.000000
 0.345493 0.370453 0.393497 0.348715 0.217706 -0.990625 0.317289 -0.190580 0.000000 3757.000000
 0.345505 0.370450 0.393503 0.348724 0.217652 -0.990627 0.317267 -0.190634 0.000000 3758.000000
 0.345518 0.370447 0.393511 0.348734 0.217594 -0.990627 0.317249 -0.190683 0.000000 3759.000000
 0.345532 0.370442 0.393517 0.348740 0.217536 -0.990625 0.317229 -0.190731 0.000000 3760.000000
 0.345545 0.370438 0.393526 0.348748 0.217481 -0.990626 0.317208 -0.190784 0.000000 3761.000000
 0.345556 0.370439 0.393534 0.348756 0.217426 -0.990626 0.317189 -0.190837 0.000000 3762.000000
 0.345567 0.370434 0.393541 0.348764 0.217372 -0.990625 0.317170 -0.190888 0.000000 3763.000000
 0.345578 0.370432 0.393546 0.348774 0.217317 -0.990625 0.317152 -0.190939 0.000000 3764.000000
 0.345586 0.370428 0.393553 0.348782 0.217262 -0.990625 0.317135 -0.190994 0.000000 3765.000000
 0.345594 0.370425 0.393561 0.348792 0.217207 -0.990625 0.317115 -0.191046 0.000000 3766.000000
 0.345603 0.370421 0.393569 0.348803 0.217152 -0.990625 0.317098 -0.191097 0.000000 3767.000000
 0.345613 0.370416 0.393577 0.348810 0.217100 -0.990625 0.317080 -0.191151 0.000000 3768.000000
 0.345623 0.370414 0.393584 0.348818 0.217045 -0.990624 0.317060 -0.191204 0.000000 3769.000000
 0.345633 0.370410 0.393591 0.348827 0.216988 -0.990622 0.317041 -0.191253 0.000000 3770.000000
 0.345646 0.370410 0.393598 0.348839 0.216935 -0.990622 0.317023 -0.191306 0.000000 3771.000000
 0.345653 0.370408 0.393608 0.348849 0.216880 -0.990623 0.317005 -0.191362 0.000000 3772.000000
 0.345660 0.370407 0.393617 0.348857 0.216825 -0.990624 0.316987 -0.191417 0.000000 3773.000000
 0.345668 0.370406 0.393622 0.348865 0.216772 -0.990623 0.316964 -0.191470 0.000000 3774.000000
 0.345675 0.370405 0.393631 0.348875 0.216718 -0.990622 0.316945 -0.191522 0.000000 3775.000000
 0.345687 0.370406 0.393639 0.348883 0.216663 -0.990622 0.316926 -0.191575 0.000000 3776.000000
 0.345695 0.370408 0.393645 0.348893 0.216610 -0.990622 0.316907 -0.191630 0.000000 3777.000000
 0.345705 0.370404 0.393651 0.348901 0.216554 -0.990623 0.316888 -0.191684 0.000000 3778.000000
 0.345716 0.370402 0.393661 0.348911 0.216499 -0.990622 0.316871 -0.191737 0.000000 3779.000000
 0.345730 0.370399 0.393668 0.348923 0.216445 -0.990620 0.316850 -0.191788 0.000000 3780.000000
 0.345742 0.370395 0.393675 0.348932 0.216392 -0.990620 0.316831 -0.191841 0.000000 3781.000000
 0.345754 0.370391 0.393678 0.348938 0.216338 -0.990620 0.316812 -0.191891 0.000000 3782.000000
 0.345763 0.370387 0.393685 0.348947 0.216283 -0.990619 0.316796 -0.191946 0.000000 3783.000000
 0.345771 0.370383 0.393695 0.348958 0.216228 -0.990619 0.316777 -0.191997 0.000000 3784.000000
 0.345781 0.370379 0.393705 0.348967 0.216170 -0.990619 0.316759 -0.192050 0.000000 3785.000000
 0.345790 0.370377 0.393712 0.348978 0.216117 -0.990621 0.316740 -0.192106 0.000000 3786.000000
 0.345799 0.370375 0.393721 0.348988 0.216061 -0.990619 0.316717 -0.192161 0.000000 3787.000000
 0.345810 0.370372 0.393731 0.348997 0.216004 -0.990619 0.316698 -0.192217 0.000000 3788.000000
 0.345818 0.370366 0.393737 0.349009 0.215951 -0.990618 0.316680 -0.192271 0.000000 3789.000000
 0.345830 0.370363 0.393743 0.349021 0.215897 -0.990619 0.316662 -0.192322 0.000000 3790.000000
 0.345844 0.370359 0.393749 0.349027 0.215844 -0.990618 0.316641 -0.192373 0.000000 3791.000000
 0.345856 0.370357 0.393760 0.349034 0.215790 -0.990618 0.316620 -0.192426 0.000000 3792.000000
 0.345867 0.370356 0.393769 0.349043 0.215733 -0.990618 0.316599 -0.192479 0.000000 3793.000000
 0.345875 0.370353 0.393777 0.349053 0.215677 -0.990617 0.316579 -0.192529 0.000000 3794.000000
 0.345883 0.370350 0.393784 0.349065 0.215622 -0.990618 0.316560 -0.192581 0.000000 3795.000000
 0.345891 0.370349 0.393791 0.349079 0.215567 -0.990617 0.316540 -0.192633 0.000000 3796.000000
 0.345901 0.370347 0.393798 0.349091 0.215512 -0.990616 0.316522 -0.192686 0.000000 3797.000000
 0.345909 0.370344 0.393804 0.349101 0.215455 -0.990617 0.316503 -0.192738 0.000000 3798.000000
 0.345922 0.370342 0.393809 0.349111 0.215400 -0.990618 0.316481 -0.192790 0.000000 3799.000000
 0.345937 0.370340 0.393818 0.349120 0.215346 -0.990616 0.316462 -0.192842 0.000000 3800.000000
 0.345952 0.370336 0.393829 0.349130 0.215288 -0.990616 0.316443 -0.192894 0.000000 3801.000000
 0.345963 0.370333 0.393839 0.349138 0.215234 -0.990615 0.316424 -0.192948 0.000000 3802.000000
 0.345974 0.370330 0.393847 0.349146 0.215179 -0.990616 0.316406 -0.193000 0.000000 3803.000000
 0.345985 0.370329 0.393855 0.349156 0.215120 -0.990615 0.316384 -0.193052 0.000000 3804.000000
 0.345994 0.370329 0.393864 0.349163 0.215064 -0.990613 0.316365 -0.193103 0.000000 3805.000000
 0.346001 0.370327 0.393874 0.349173 0.215010 -0.990614 0.316348 -0.193155 0.000000 3806.000000
 0.346009 0.370324 0.393883 0.349183 0.214956 -0.990614 0.316327 -0.193208 0.000000 3807.000000
 0.346022 0.370320 0.393890 0.349194 0.214902 -0.990613 0.316307 -0.193257 0.000000 3808.000000
 0.346033 0.370318 0.393898 0.349203 0.214846 -0.990612 0.316287 -0.193306 0.000000 3809.000000
 0.346042 0.370317 0.393907 0.349211 0.214791 -0.990612 0.316268 -0.193358 0.000000 3810.000000
 0.346051 0.370313 0.393916 0.349219 0.214736 -0.990613 0.316250 -0.193410 0.000000 3811.000000
 0.346064 0.370310 0.393924 0.349228 0.214679 -0.990613 0.316230 -0.193461 0.000000 3812.000000
 0.346074 0.370309 0.393932 0.349238 0.214624 -0.990613 0.316209 -0.193514 0.000000 3813.000000
 0.346082 0.370307 0.393945 0.349249 0.214570 -0.990612 0.316188 -0.193566 0.000000 3814.000000
 0.346087 0.370307 0.393955 0.349260 0.214515 -0.990611 0.316168 -0.193617 0.000000 3815.000000
 0.346096 0.370305 0.393963 0.349269 0.214462 -0.990612 0.316148 -0.193672 0.000000 3816.000000
 0.346106 0.370303 0.393974 0.349278 0.214407 -0.990612 0.316130 -0.193726 0.000000 3817.000000
 0.346115 0.370302 0.393984 0.349288 0.214354 -0.990612 0.316109 -0.193779 0.000000 3818.000000
 0.346124 0.370298 0.393991 0.349295 0.214299 -0.990612 0.316087 -0.193829 0.000000 3819.000000
 0.346136 0.370295 0.393999 0.349303 0.214242 -0.990610 0.316067 -0.193882 0.000000 3820.000000
 0.346150 0.370290 0.394007 0.349313 0.214186 -0.990611 0.316047 -0.193936 0.000000 3821.000000
 0.346159 0.370291 0.394015 0.349322 0.214132 -0.990611 0.316029 -0.193987 0.000000 3822.000000
 0.346167 0.370289 0.394020 0.349331 0.214080 -0.990610 0.316011 -0.194037 0.000000 3823.000000
 0.346171 0.370285 0.394031 0.349340 0.214023 -0.990609 0.315992 -0.194090 0.000000 3824.000000
 0.346180 0.370286 0.394041 0.349349 0.213966 -0.990609 0.315973 -0.194144 0.000000 3825.000000
 0.346190 0.370287 0.394048 0.349358 0.213912 -0.990610 0.315952 -0.194194 0.000000 3826.000000
 0.346200 0.370286 0.394055 0.349366 0.213854 -0.990609 0.315932 -0.194244 0.000000 3827.000000
 0.346210 0.370288 0.394060 0.349377 0.213802 -0.990609 0.315913 -0.194300 0.000000 3828.000000
 0.346222 0.370284 0.394068 0.349386 0.213747 -0.990608 0.315894 -0.194353 0.000000 3829.000000
 0.346234 0.370282 0.394077 0.349394 0.213690 -0.990608 0.315877 -0.194405 0.000000 3830.000000
 0.346245 0.370280 0.394082 0.349403 0.213633 -0.990608 0.315857 -0.194457 0.000000 3831.000000
 0.346257 0.370280 0.394089 0.349408 0.213578 -0.990607 0.315837 -0.194510 0.000000 3832.000000
 0.346266 0.370278 0.394099 0.349412 0.213522 -0.990608 0.315815 -0.194559 0.000000 3833.000000
 0.346276 0.370276 0.394107 0.349420 0.213467 -0.990608 0.315797 -0.194607 0.000000 3834.000000
 0.346284 0.370277 0.394112 0.349431 0.213414 -0.990607 0.315776 -0.194658 0.000000 3835.000000
 0.346293 0.370277 0.394120 0.349440 0.213360 -0.990606 0.315759 -0.194706 0.000000 3836.000000
 0.346301 0.370275 0.394129 0.349446 0.213307 -0.990606 0.315740 -0.194758 0.000000 3837.000000
 0.346308 0.370277 0.394135 0.349453 0.213252 -0.990606 0.315720 -0.194807 0.000000 3838.000000
 0.346318 0.370278 0.394140 0.349462 0.213196 -0.990606 0.315700 -0.194856 0.000000 3839.000000
 0.346327 0.370277 0.394148 0.349470 0.213141 -0.990607 0.315682 -0.194906 0.000000 3840.000000
 0.346337 0.370276 0.394152 0.349478 0.213089 -0.990606 0.315663 -0.194956 0.000000 3841.000000
 0.346347 0.370277 0.394161 0.349486 0.213035 -0.990606 0.315645 -0.195009 0.000000 3842.000000
 0.346358 0.370276 0.394170 0.349494 0.212983 -0.990606 0.315624 -0.195059 0.000000 3843.000000
 0.346367 0.370274 0.394178 0.349501 0.212926 -0.990604 0.315605 -0.195111 0.000000 3844.000000
 0.346375 0.370273 0.394185 0.349510 0.212870 -0.990604 0.315586 -0.195164 0.000000 3845.000000
 0.346382 0.370274 0.394194 0.349517 0.212817 -0.990604 0.315566 -0.195213 0.000000 3846.000000
 0.346391 0.370275 0.394202 0.349523 0.212761 -0.990604 0.315550 -0.195263 0.000000 3847.000000
 0.346405 0.370277 0.394210 0.349533 0.212705 -0.990604 0.315530 -0.195312 0.000000 3848.000000
 0.346414 0.370276 0.394220 0.349541 0.212651 -0.990604 0.315510 -0.195364 0.000000 3849.000000
 0.346422 0.370273 0.394229 0.349551 0.212595 -0.990604 0.315491 -0.195415 0.000000 3850.000000
 0.346433 0.370269 0.394237 0.349560 0.212539 -0.990603 0.315469 -0.195466 0.000000 3851.000000
 0.346445 0.370265 0.394242 0.349567 0.212483 -0.990603 0.315452 -0.195517 0.000000 3852.000000
 0.346453 0.370264 0.394249 0.349574 0.212430 -0.990604 0.315434 -0.195565 0.000000 3853.000000
 0.346464 0.370264 0.394256 0.349584 0.212373 -0.990603 0.315415 -0.195615 0.000000 3854.000000
 0.346474 0.370264 0.394263 0.349595 0.212318 -0.990602 0.315399 -0.195667 0.000000 3855.000000
 0.346485 0.370264 0.394269 0.349604 0.212263 -0.990602 0.315381 -0.195720 0.000000 3856.000000
 0.346498 0.370263 0.394278 0.349612 0.212208 -0.990601 0.315361 -0.195771 0.000000 3857.000000
 0.346509 0.370259 0.394285 0.349621 0.212150 -0.990601 0.315342 -0.195824 0.000000 3858.000000
 0.346521 0.370256 0.394291 0.349633 0.212095 -0.990601 0.315324 -0.195878 0.000000 3859.000000
 0.346534 0.370256 0.394299 0.349643 0.212041 -0.990599 0.315310 -0.195930 0.000000 3860.000000
 0.346546 0.370254 0.394306 0.349648 0.211986 -0.990599 0.315291 -0.195986 0.000000 3861.000000
 0.346558 0.370252 0.394315 0.349654 0.211932 -0.990600 0.315271 -0.196039 0.000000 3862.000000
 0.346571 0.370249 0.394324 0.349661 0.211877 -0.990600 0.315253 -0.196092 0.000000 3863.000000
 0.346583 0.370249 0.394332 0.349670 0.211820 -0.990600 0.315240 -0.196147 0.000000 3864.000000
 0.346594 0.370248 0.394342 0.349680 0.211763 -0.990600 0.315220 -0.196202 0.000000 3865.000000
 0.346605 0.370248 0.394349 0.349688 0.211707 -0.990602 0.315201 -0.196256 0.000000 3866.000000
 0.346618 0.370247 0.394357 0.349699 0.211649 -0.990601 0.315184 -0.196307 0.000000 3867.000000
 0.346627 0.370246 0.394365 0.349708 0.211593 -0.990598 0.315170 -0.196360 0.000000 3868.000000
 0.346641 0.370243 0.394374 0.349717 0.211536 -0.990597 0.315153 -0.196412 0.000000 3869.000000
 0.346653 0.370241 0.394382 0.349724 0.211479 -0.990600 0.315135 -0.196463 0.000000 3870.000000
 0.346663 0.370237 0.394387 0.349732 0.211425 -0.990598 0.315120 -0.196517 0.000000 3871.000000
 0.346676 0.370235 0.394395 0.349740 0.211373 -0.990597 0.315103 -0.196574 0.000000 3872.000000
 0.346687 0.370234 0.394403 0.349747 0.211316 -0.990597 0.315089 -0.196625 0.000000 3873.000000
 0.346697 0.370234 0.394411 0.349755 0.211261 -0.990597 0.315072 -0.196676 0.000000 3874.000000
 0.346704 0.370235 0.394419 0.349762 0.211206 -0.990596 0.315055 -0.196729 0.000000 3875.000000
 0.346711 0.370233 0.394429 0.349770 0.211150 -0.990596 0.315038 -0.196781 0.000000 3876.000000
 0.346718 0.370233 0.394440 0.349776 0.211096 -0.990596 0.315022 -0.196833 0.000000 3877.000000
 0.346728 0.370230 0.394448 0.349783 0.211041 -0.990596 0.315006 -0.196887 0.000000 3878.000000
 0.346738 0.370229 0.394456 0.349792 0.210987 -0.990597 0.314988 -0.196940 0.000000 3879.000000
 0.346751 0.370228 0.394463 0.349800 0.210934 -0.990596 0.314974 -0.196993 0.000000 3880.000000
 0.346763 0.370224 0.394472 0.349809 0.210880 -0.990595 0.314959 -0.197045 0.000000 3881.000000
 0.346775 0.370226 0.394477 0.349815 0.210826 -0.990595 0.314940 -0.197102 0.000000 3882.000000
 0.346786 0.370225 0.394483 0.349825 0.210769 -0.990596 0.314923 -0.197156 0.000000 3883.000000
 0.346795 0.370225 0.394489 0.349838 0.210716 -0.990596 0.314906 -0.197209 0.000000 3884.000000
 0.346803 0.370224 0.394495 0.349847 0.210663 -0.990594 0.314887 -0.197265 0.000000 3885.000000
 0.346809 0.370223 0.394502 0.349858 0.210609 -0.990594 0.314867 -0.197318 0.000000 3886.000000
 0.346818 0.370223 0.394510 0.349866 0.210555 -0.990593 0.314845 -0.197373 0.000000 3887.000000
 0.346829 0.370223 0.394518 0.349876 0.210501 -0.990593 0.314828 -0.197424 0.000000 3888.000000
 0.346840 0.370222 0.394525 0.349885 0.210446 -0.990593 0.314811 -0.197478 0.000000 3889.000000
 0.346850 0.370221 0.394529 0.349897 0.210397 -0.990591 0.314792 -0.197533 0.000000 3890.000000
 0.346860 0.370217 0.394536 0.349907 0.210341 -0.990592 0.314774 -0.197588 0.000000 3891.000000
 0.346871 0.370218 0.394544 0.349912 0.210286 -0.990592 0.314755 -0.197641 0.000000 3892.000000
 0.346881 0.370218 0.394553 0.349920 0.210232 -0.990593 0.314733 -0.197694 0.000000 3893.000000
 0.346891 0.370219 0.394563 0.349930 0.210176 -0.990594 0.314715 -0.197746 0.000000 3894.000000
 0.346899 0.370219 0.394571 0.349941 0.210120 -0.990593 0.314694 -0.197798 0.000000 3895.000000
 0.346907 0.370219 0.394578 0.349954 0.210065 -0.990594 0.314675 -0.197850 0.000000 3896.000000
 0.346917 0.370218 0.394584 0.349963 0.210008 -0.990593 0.314655 -0.197902 0.000000 3897.000000
 0.346927 0.370215 0.394592 0.349975 0.209951 -0.990592 0.314633 -0.197957 0.000000 3898.000000
 0.346938 0.370213 0.394602 0.349985 0.209897 -0.990591 0.314613 -0.198009 0.000000 3899.000000
 0.346950 0.370210 0.394611 0.349995 0.209845 -0.990590 0.314592 -0.198062 0.000000 3900.000000
 0.346961 0.370210 0.394620 0.350003 0.209789 -0.990589 0.314572 -0.198117 0.000000 3901.000000
 0.346972 0.370209 0.394626 0.350012 0.209734 -0.990590 0.314552 -0.198169 0.000000 3902.000000
 0.346981 0.370209 0.394631 0.350020 0.209682 -0.990589 0.314534 -0.198221 0.000000 3903.000000
 0.346989 0.370209 0.394639 0.350028 0.209626 -0.990590 0.314515 -0.198272 0.000000 3904.000000
 0.346998 0.370213 0.394647 0.350039 0.209574 -0.990589 0.314495 -0.198325 0.000000 3905.000000
 0.347007 0.370217 0.394654 0.350048 0.209521 -0.990590 0.314477 -0.198380 0.000000 3906.000000
 0.347015 0.370214 0.394662 0.350055 0.209464 -0.990589 0.314459 -0.198433 0.000000 3907.000000
 0.347026 0.370213 0.394670 0.350063 0.209404 -0.990587 0.314440 -0.198486 0.000000 3908.000000
 0.347039 0.370211 0.394677 0.350072 0.209350 -0.990588 0.314423 -0.198539 0.000000 3909.000000
 0.347051 0.370212 0.394683 0.350081 0.209294 -0.990589 0.314404 -0.198592 0.000000 3910.000000
 0.347064 0.370211 0.394690 0.350092 0.209238 -0.990590 0.314386 -0.198645 0.000000 3911.000000
 0.347074 0.370210 0.394694 0.350100 0.209182 -0.990588 0.314367 -0.198698 0.000000 3912.000000
 0.347086 0.370208 0.394701 0.350110 0.209126 -0.990589 0.314350 -0.198750 0.000000 3913.000000
 0.347098 0.370208 0.394708 0.350118 0.209074 -0.990587 0.314330 -0.198805 0.000000 3914.000000
 0.347106 0.370208 0.394714 0.350127 0.209021 -0.990587 0.314308 -0.198858 0.000000 3915.000000
 0.347113 0.370207 0.394719 0.350138 0.208964 -0.990588 0.314288 -0.198911 0.000000 3916.000000
 0.347121 0.370204 0.394727 0.350148 0.208907 -0.990586 0.314267 -0.198961 0.000000 3917.000000
 0.347132 0.370206 0.394735 0.350158 0.208854 -0.990586 0.314246 -0.199013 0.000000 3918.000000
 0.347142 0.370206 0.394744 0.350170 0.208801 -0.990587 0.314226 -0.199068 0.000000 3919.000000
 0.347154 0.370206 0.394751 0.350178 0.208747 -0.990587 0.314208 -0.199122 0.000000 3920.000000
 0.347165 0.370207 0.394759 0.350186 0.208690 -0.990586 0.314188 -0.199174 0.000000 3921.000000
 0.347174 0.370203 0.394766 0.350196 0.208635 -0.990586 0.314168 -0.199227 0.000000 3922.000000
 0.347184 0.370201 0.394773 0.350204 0.208579 -0.990585 0.314152 -0.199280 0.000000 3923.000000
 0.347194 0.370199 0.394781 0.350213 0.208524 -0.990584 0.314135 -0.199332 0.000000 3924.000000
 0.347203 0.370198 0.394791 0.350224 0.208470 -0.990583 0.314115 -0.199387 0.000000 3925.000000
 0.347209 0.370200 0.394799 0.350234 0.208417 -0.990583 0.314100 -0.199441 0.000000 3926.000000
 0.347215 0.370199 0.394807 0.350241 0.208364 -0.990585 0.314081 -0.199493 0.000000 3927.000000
 0.347224 0.370198 0.394811 0.350250 0.208313 -0.990585 0.314061 -0.199548 0.000000 3928.000000
 0.347236 0.370198 0.394815 0.350259 0.208260 -0.990584 0.314044 -0.199603 0.000000 3929.000000
 0.347249 0.370194 0.394821 0.350270 0.208205 -0.990584 0.314026 -0.199658 0.000000 3930.000000
 0.347261 0.370192 0.394829 0.350279 0.208150 -0.990583 0.314008 -0.199712 0.000000 3931.000000
 0.347271 0.370191 0.394836 0.350287 0.208097 -0.990583 0.313992 -0.199764 0.000000 3932.000000
 0.347280 0.370191 0.394840 0.350295 0.208043 -0.990583 0.313972 -0.199817 0.000000 3933.000000
 0.347288 0.370188 0.394846 0.350305 0.207989 -0.990582 0.313955 -0.199871 0.000000 3934.000000
 0.347297 0.370187 0.394848 0.350316 0.207935 -0.990579 0.313939 -0.199924 0.000000 3935.000000
 0.347305 0.370188 0.394855 0.350329 0.207884 -0.990582 0.313919 -0.199974 0.000000 3936.000000
 0.347313 0.370186 0.394858 0.350338 0.207830 -0.990581 0.313902 -0.200027 0.000000 3937.000000
 0.347321 0.370185 0.394863 0.350350 0.207774 -0.990582 0.313882 -0.200080 0.000000 3938.000000
 0.347334 0.370183 0.394872 0.350362 0.207720 -0.990582 0.313863 -0.200135 0.000000 3939.000000
 0.347346 0.370180 0.394881 0.350371 0.207668 -0.990581 0.313843 -0.200191 0.000000 3940.000000
 0.347360 0.370179 0.394888 0.350380 0.207613 -0.990581 0.313827 -0.200247 0.000000 3941.000000
 0.347374 0.370176 0.394893 0.350389 0.207556 -0.990581 0.313811 -0.200299 0.000000 3942.000000
 0.347384 0.370175 0.394902 0.350400 0.207501 -0.990580 0.313792 -0.200355 0.000000 3943.000000
 0.347396 0.370175 0.394907 0.350412 0.207446 -0.990580 0.313772 -0.200408 0.000000 3944.000000
 0.347407 0.370173 0.394915 0.350419 0.207391 -0.990581 0.313754 -0.200460 0.000000 3945.000000
 0.347415 0.370171 0.394925 0.350427 0.207336 -0.990579 0.313735 -0.200513 0.000000 3946.000000
 0.347423 0.370167 0.394933 0.350434 0.207281 -0.990579 0.313717 -0.200566 0.000000 3947.000000
 0.347431 0.370166 0.394940 0.350442 0.207226 -0.990579 0.313696 -0.200618 0.000000 3948.000000
 0.347442 0.370164 0.394947 0.350452 0.207172 -0.990578 0.313676 -0.200672 0.000000 3949.000000
 0.347452 0.370164 0.394955 0.350462 0.207118 -0.990577 0.313657 -0.200725 0.000000 3950.000000
 0.347459 0.370159 0.394960 0.350473 0.207065 -0.990576 0.313638 -0.200778 0.000000 3951.000000
 0.347469 0.370153 0.394969 0.350480 0.207012 -0.990576 0.313620 -0.200832 0.000000 3952.000000
 0.347480 0.370151 0.394974 0.350494 0.206961 -0.990579 0.313600 -0.200884 0.000000 3953.000000
 0.347487 0.370154 0.394982 0.350507 0.206907 -0.990576 0.313581 -0.200940 0.000000 3954.000000
 0.347492 0.370152 0.394987 0.350516 0.206851 -0.990576 0.313565 -0.200993 0.000000 3955.000000
 0.347501 0.370149 0.394993 0.350525 0.206797 -0.990575 0.313548 -0.201047 0.000000 3956.000000
 0.347507 0.370148 0.395000 0.350537 0.206741 -0.990575 0.313529 -0.201102 0.000000 3957.000000
 0.347515 0.370149 0.395010 0.350547 0.206686 -0.990577 0.313511 -0.201157 0.000000 3958.000000
 0.347523 0.370146 0.395017 0.350557 0.206633 -0.990576 0.313492 -0.201212 0.000000 3959.000000
 0.347532 0.370147 0.395022 0.350563 0.206579 -0.990576 0.313472 -0.201267 0.000000 3960.000000
 0.347543 0.370146 0.395031 0.350571 0.206525 -0.990577 0.313455 -0.201318 0.000000 3961.000000
 0.347554 0.370142 0.395039 0.350582 0.206473 -0.990576 0.313436 -0.201372 0.000000 3962.000000
 0.347560 0.370139 0.395046 0.350592 0.206419 -0.990576 0.313418 -0.201431 0.000000 3963.000000
 0.347567 0.370141 0.395050 0.350602 0.206362 -0.990575 0.313397 -0.201485 0.000000 3964.000000
 0.347576 0.370140 0.395061 0.350612 0.206305 -0.990573 0.313376 -0.201540 0.000000 3965.000000
 0.347581 0.370141 0.395069 0.350622 0.206248 -0.990574 0.313357 -0.201595 0.000000 3966.000000
 0.347589 0.370140 0.395076 0.350632 0.206194 -0.990574 0.313338 -0.201647 0.000000 3967.000000
 0.347599 0.370139 0.395084 0.350641 0.206139 -0.990574 0.313317 -0.201701 0.000000 3968.000000
 0.347609 0.370138 0.395093 0.350647 0.206084 -0.990573 0.313297 -0.201756 0.000000 3969.000000
 0.347618 0.370137 0.395102 0.350657 0.206028 -0.990573 0.313281 -0.201811 0.000000 3970.000000
 0.347629 0.370134 0.395111 0.350666 0.205973 -0.990573 0.313260 -0.201866 0.000000 3971.000000
 0.347638 0.370133 0.395120 0.350676 0.205917 -0.990572 0.313241 -0.201921 0.000000 3972.000000
 0.347647 0.370131 0.395125 0.350685 0.205861 -0.990571 0.313222 -0.201975 0.000000 3973.000000
 0.347656 0.370127 0.395134 0.350695 0.205806 -0.990572 0.313204 -0.202029 0.000000 3974.000000
 0.347667 0.370126 0.395145 0.350706 0.205752 -0.990570 0.313184 -0.202085 0.000000 3975.000000
 0.347675 0.370124 0.395151 0.350718 0.205699 -0.990571 0.313163 -0.202140 0.000000 3976.000000
 0.347686 0.370123 0.395156 0.350730 0.205642 -0.990573 0.313145 -0.202194 0.000000 3977.000000
 0.347698 0.370122 0.395162 0.350741 0.205584 -0.990573 0.313124 -0.202246 0.000000 3978.000000
 0.347708 0.370120 0.395167 0.350748 0.205529 -0.990571 0.313104 -0.202299 0.000000 3979.000000
 0.347722 0.370118 0.395176 0.350757 0.205474 -0.990570 0.313083 -0.202350 0.000000 3980.000000
 0.347733 0.370115 0.395184 0.350767 0.205419 -0.990571 0.313065 -0.202401 0.000000 3981.000000
 0.347745 0.370113 0.395189 0.350774 0.205364 -0.990571 0.313046 -0.202454 0.000000 3982.000000
 0.347758 0.370112 0.395195 0.350779 0.205310 -0.990570 0.313026 -0.202507 0.000000 3983.000000
 0.347773 0.370111 0.395207 0.350785 0.205255 -0.990568 0.313008 -0.202558 0.000000 3984.000000
 0.347783 0.370114 0.395213 0.350796 0.205199 -0.990569 0.312988 -0.202608 0.000000 3985.000000
 0.347789 0.370113 0.395218 0.350803 0.205142 -0.990570 0.312968 -0.202658 0.000000 3986.000000
 0.347799 0.370113 0.395223 0.350813 0.205089 -0.990570 0.312948 -0.202709 0.000000 3987.000000
 0.347812 0.370111 0.395229 0.350823 0.205037 -0.990568 0.312928 -0.202763 0.000000 3988.000000
 0.347824 0.370107 0.395236 0.350835 0.204981 -0.990568 0.312907 -0.202819 0.000000 3989.000000
 0.347835 0.370104 0.395244 0.350844 0.204927 -0.990566 0.312891 -0.202872 0.000000 3990.000000
 0.347847 0.370102 0.395253 0.350854 0.204874 -0.990568 0.312872 -0.202923 0.000000 3991.000000
 0.347862 0.370100 0.395258 0.350866 0.204817 -0.990567 0.312853 -0.202975 0.000000 3992.000000
 0.347875 0.370098 0.395264 0.350874 0.204761 -0.990568 0.312835 -0.203028 0.000000 3993.000000
 0.347884 0.370097 0.395271 0.350883 0.204705 -0.990567 0.312814 -0.203080 0.000000 3994.000000
 0.347896 0.370097 0.395278 0.350894 0.204652 -0.990567 0.312793 -0.203135 0.000000 3995.000000
 0.347905 0.370095 0.395284 0.350901 0.204601 -0.990567 0.312774 -0.203189 0.000000 3996.000000
 0.347911 0.370094 0.395286 0.350911 0.204546 -0.990566 0.312756 -0.203241 0.000000 3997.000000
 0.347923 0.370093 0.395292 0.350919 0.204490 -0.990566 0.312739 -0.203293 0.000000 3998.000000
 0.347936 0.370093 0.395297 0.350926 0.204435 -0.990566 0.312720 -0.203344 0.000000 3999.000000
 0.347949 0.370091 0.395301 0.350936 0.204382 -0.990568 0.312699 -0.203394 0.000000 4000.000000
 0.347962 0.370088 0.395306 0.350946 0.204328 -0.990566 0.312681 -0.203446 0.000000 4001.000000
 0.347975 0.370088 0.395313 0.350956 0.204275 -0.990565 0.312661 -0.203500 0.000000 4002.000000
 0.347985 0.370085 0.395320 0.350965 0.204221 -0.990565 0.312643 -0.203550 0.000000 4003.000000
 0.347996 0.370086 0.395325 0.350974 0.204169 -0.990564 0.312624 -0.203601 0.000000 4004.000000
 0.348005 0.370088 0.395333 0.350984 0.204116 -0.990564 0.312604 -0.203653 0.000000 4005.000000
 0.348015 0.370089 0.395338 0.350993 0.204063 -0.990563 0.312586 -0.203704 0.000000 4006.000000
 0.348025 0.370086 0.395342 0.351000 0.204009 -0.990564 0.312567 -0.203755 0.000000 4007.000000
 0.348034 0.370086 0.395347 0.351010 0.203954 -0.990563 0.312547 -0.203809 0.000000 4008.000000
 0.348043 0.370086 0.395356 0.351019 0.203900 -0.990564 0.312528 -0.203864 0.000000 4009.000000
 0.348058 0.370085 0.395364 0.351028 0.203848 -0.990564 0.312511 -0.203916 0.000000 4010.000000
 0.348070 0.370082 0.395368 0.351035 0.203794 -0.990562 0.312493 -0.203967 0.000000 4011.000000
 0.348082 0.370079 0.395374 0.351043 0.203742 -0.990562 0.312474 -0.204023 0.000000 4012.000000
 0.348095 0.370078 0.395381 0.351051 0.203691 -0.990564 0.312458 -0.204076 0.000000 4013.000000
 0.348104 0.370079 0.395388 0.351060 0.203635 -0.990563 0.312439 -0.204127 0.000000 4014.000000
 0.348112 0.370082 0.395394 0.351073 0.203580 -0.990562 0.312419 -0.204178 0.000000 4015.000000
 0.348123 0.370085 0.395400 0.351083 0.203530 -0.990561 0.312399 -0.204230 0.000000 4016.000000
 0.348134 0.370086 0.395405 0.351090 0.203477 -0.990561 0.312380 -0.204280 0.000000 4017.000000
 0.348144 0.370084 0.395411 0.351101 0.203420 -0.990560 0.312361 -0.204331 0.000000 4018.000000
 0.348155 0.370082 0.395419 0.351112 0.203367 -0.990561 0.312339 -0.204385 0.000000 4019.000000
 0.348166 0.370081 0.395427 0.351122 0.203313 -0.990561 0.312320 -0.204439 0.000000 4020.000000
 0.348177 0.370081 0.395431 0.351130 0.203258 -0.990561 0.312299 -0.204491 0.000000 4021.000000
 0.348190 0.370079 0.395435 0.351139 0.203203 -0.990561 0.312279 -0.204543 0.000000 4022.000000
 0.348201 0.370081 0.395443 0.351149 0.203148 -0.990559 0.312262 -0.204595 0.000000 4023.000000
 0.348212 0.370080 0.395451 0.351157 0.203094 -0.990559 0.312245 -0.204648 0.000000 4024.000000
 0.348221 0.370081 0.395456 0.351167 0.203037 -0.990559 0.312227 -0.204699 0.000000 4025.000000
 0.348230 0.370079 0.395463 0.351175 0.202981 -0.990560 0.312207 -0.204748 0.000000 4026.000000
 0.348240 0.370080 0.395472 0.351183 0.202927 -0.990559 0.312188 -0.204801 0.000000 4027.000000
 0.348250 0.370080 0.395479 0.351190 0.202873 -0.990558 0.312168 -0.204855 0.000000 4028.000000
 0.348263 0.370081 0.395490 0.351199 0.202815 -0.990557 0.312149 -0.204910 0.000000 4029.000000
 0.348274 0.370078 0.395497 0.351208 0.202758 -0.990558 0.312131 -0.204963 0.000000 4030.000000
 0.348288 0.370078 0.395503 0.351215 0.202704 -0.990557 0.312111 -0.205017 0.000000 4031.000000
 0.348300 0.370078 0.395514 0.351224 0.202651 -0.990556 0.312094 -0.205074 0.000000 4032.000000
 0.348311 0.370077 0.395523 0.351235 0.202593 -0.990557 0.312075 -0.205125 0.000000 4033.000000
 0.348324 0.370077 0.395530 0.351246 0.202538 -0.990557 0.312054 -0.205179 0.000000 4034.000000
 0.348334 0.370076 0.395539 0.351255 0.202486 -0.990557 0.312034 -0.205232 0.000000 4035.000000
 0.348343 0.370077 0.395548 0.351265 0.202433 -0.990557 0.312011 -0.205284 0.000000 4036.000000
 0.348352 0.370076 0.395559 0.351273 0.202378 -0.990559 0.311992 -0.205338 0.000000 4037.000000
 0.348363 0.370075 0.395568 0.351281 0.202324 -0.990557 0.311971 -0.205391 0.000000 4038.000000
 0.348376 0.370076 0.395577 0.351293 0.202269 -0.990556 0.311951 -0.205447 0.000000 4039.000000
 0.348387 0.370075 0.395588 0.351299 0.202215 -0.990555 0.311932 -0.205501 0.000000 4040.000000
 0.348397 0.370073 0.395597 0.351306 0.202158 -0.990556 0.311912 -0.205556 0.000000 4041.000000
 0.348411 0.370074 0.395607 0.351315 0.202106 -0.990555 0.311893 -0.205608 0.000000 4042.000000
 0.348422 0.370071 0.395616 0.351323 0.202050 -0.990555 0.311873 -0.205661 0.000000 4043.000000
 0.348434 0.370068 0.395625 0.351333 0.201993 -0.990555 0.311851 -0.205714 0.000000 4044.000000
 0.348444 0.370067 0.395633 0.351342 0.201937 -0.990555 0.311832 -0.205763 0.000000 4045.000000
 0.348455 0.370067 0.395640 0.351349 0.201882 -0.990556 0.311813 -0.205814 0.000000 4046.000000
 0.348466 0.370064 0.395647 0.351359 0.201825 -0.990553 0.311793 -0.205868 0.000000 4047.000000
 0.348475 0.370063 0.395656 0.351369 0.201770 -0.990553 0.311775 -0.205921 0.000000 4048.000000
 0.348487 0.370061 0.395666 0.351381 0.201715 -0.990554 0.311757 -0.205972 0.000000 4049.000000
 0.348499 0.370058 0.395676 0.351388 0.201659 -0.990554 0.311737 -0.206026 0.000000 4050.000000
 0.348513 0.370056 0.395683 0.351397 0.201604 -0.990552 0.311718 -0.206077 0.000000 4051.000000
 0.348526 0.370056 0.395687 0.351404 0.201548 -0.990552 0.311698 -0.206127 0.000000 4052.000000
 0.348537 0.370057 0.395695 0.351415 0.201494 -0.990552 0.311677 -0.206179 0.000000 4053.000000
 0.348547 0.370058 0.395706 0.351425 0.201441 -0.990552 0.311660 -0.206234 0.000000 4054.000000
 0.348558 0.370057 0.395716 0.351434 0.201386 -0.990552 0.311639 -0.206288 0.000000 4055.000000
 0.348565 0.370058 0.395723 0.351442 0.201332 -0.990552 0.311620 -0.206340 0.000000 4056.000000
 0.348577 0.370058 0.395728 0.351453 0.201277 -0.990553 0.311604 -0.206393 0.000000 4057.000000
 0.348586 0.370055 0.395737 0.351463 0.201222 -0.990552 0.311587 -0.206444 0.000000 4058.000000
 0.348598 0.370054 0.395746 0.351472 0.201169 -0.990552 0.311568 -0.206493 0.000000 4059.000000
 0.348607 0.370057 0.395753 0.351477 0.201115 -0.990552 0.311550 -0.206546 0.000000 4060.000000
 0.348616 0.370057 0.395759 0.351484 0.201061 -0.990549 0.311532 -0.206598 0.000000 4061.000000
 0.348626 0.370053 0.395765 0.351491 0.201008 -0.990551 0.311511 -0.206652 0.000000 4062.000000
 0.348638 0.370052 0.395771 0.351498 0.200954 -0.990550 0.311490 -0.206707 0.000000 4063.000000
 0.348650 0.370051 0.395778 0.351505 0.200900 -0.990551 0.311471 -0.206760 0.000000 4064.000000
 0.348657 0.370050 0.395785 0.351512 0.200845 -0.990550 0.311453 -0.206810 0.000000 4065.000000
 0.348666 0.370050 0.395789 0.351519 0.200792 -0.990550 0.311435 -0.206863 0.000000 4066.000000
 0.348676 0.370053 0.395796 0.351526 0.200738 -0.990549 0.311419 -0.206916 0.000000 4067.000000
 0.348687 0.370055 0.395803 0.351535 0.200681 -0.990549 0.311401 -0.206967 0.000000 4068.000000
 0.348696 0.370053 0.395809 0.351544 0.200628 -0.990550 0.311384 -0.207019 0.000000 4069.000000
 0.348706 0.370052 0.395819 0.351549 0.200577 -0.990548 0.311367 -0.207072 0.000000 4070.000000
 0.348718 0.370050 0.395828 0.351557 0.200524 -0.990548 0.311348 -0.207127 0.000000 4071.000000
 0.348729 0.370049 0.395838 0.351566 0.200470 -0.990549 0.311328 -0.207180 0.000000 4072.000000
 0.348742 0.370048 0.395843 0.351571 0.200415 -0.990549 0.311309 -0.207235 0.000000 4073.000000
 0.348750 0.370048 0.395852 0.351574 0.200363 -0.990549 0.311289 -0.207287 0.000000 4074.000000
 0.348759 0.370049 0.395860 0.351582 0.200309 -0.990548 0.311268 -0.207337 0.000000 4075.000000
 0.348770 0.370050 0.395868 0.351593 0.200254 -0.990547 0.311248 -0.207390 0.000000 4076.000000
 0.348780 0.370049 0.395875 0.351601 0.200199 -0.990545 0.311230 -0.207444 0.000000 4077.000000
 0.348788 0.370047 0.395883 0.351609 0.200145 -0.990546 0.311213 -0.207496 0.000000 4078.000000
 0.348801 0.370048 0.395893 0.351619 0.200091 -0.990547 0.311191 -0.207547 0.000000 4079.000000
 0.348811 0.370046 0.395900 0.351624 0.200034 -0.990546 0.311173 -0.207599 0.000000 4080.000000
 0.348826 0.370044 0.395908 0.351631 0.199979 -0.990545 0.311154 -0.207653 0.000000 4081.000000
 0.348838 0.370043 0.395915 0.351639 0.199924 -0.990545 0.311135 -0.207706 0.000000 4082.000000
 0.348850 0.370043 0.395924 0.351649 0.199871 -0.990545 0.311117 -0.207761 0.000000 4083.000000
 0.348859 0.370040 0.395933 0.351655 0.199816 -0.990545 0.311094 -0.207810 0.000000 4084.000000
 0.348867 0.370038 0.395939 0.351662 0.199762 -0.990545 0.311076 -0.207862 0.000000 4085.000000
 0.348877 0.370037 0.395948 0.351672 0.199708 -0.990544 0.311059 -0.207917 0.000000 4086.000000
