0.6297309302799601 0.7305797702979251 0.967898593538288 0.3850515936051817 0.3291943205309855 0.8945615070063639 0.6759727917340224 -0.633377474466313 0.0 0.0
-0.5310992475659329 0.6328098084717495 0.10493594264085604 0.6959254066954876 0.4575755399936037 -0.9455704354515988 -0.31493054159602485 -0.729063056103632 0.0 1.0
-0.11075999254602742 0.25344443374721504 -0.7604900460275978 -0.7617465030036519 -0.03274294256772192 0.2948660189970329 -0.4756649685213936 0.6231181844103855 0.0 2.0
0.18279636365646912 -0.5745353168521965 -0.5490808688378486 -0.29514093747043013 -0.5818435858534232 -0.9100281615838499 0.413544235609423 -0.31402937903520756 0.0 3.0
0.8216547153378624 0.9339918396495843 0.2516915622612157 -0.008874334514035853 0.08672262772903783 -0.8041809562736459 -0.1820350335165144 0.6662155451828407 0.0 4.0
-0.9825691944694435 0.7929510373383537 0.33485087960225 -0.9721007258315018 -0.6618013378356808 -0.4879634572988687 -0.5792545503055284 -0.7080699442772944 0.0 5.0
-0.5133723819741516 0.7123578074924806 0.6950391728270595 0.23881783950701574 0.1098953556932083 -0.7033081428023766 0.3260978783892208 0.45442632139235517 0.0 6.0
0.5170891377780258 0.6693559974863927 -0.670438506938926 0.5976610923003265 -0.0803762349547037 -0.8553959271894136 0.8042204898431007 -0.8226734570329945 0.0 7.0
0.034670160165079844 -0.007086719814868525 0.2626233888196676 -0.7721602315225076 -0.06419136849520068 -0.25544827882168564 0.354575020156342 -0.0758447131151303 0.0 8.0
0.3114572550881942 0.6305684636315199 0.27387349455227517 0.7756980217638392 -0.9516461102994358 0.6043293500235758 -0.07082587387663408 0.7401904997530664 0.0 9.0
0.5632207151806636 0.7568296819327542 0.6515648092658302 0.47307513902441567 0.6423559624144237 0.573616345518623 0.18776162142220887 -0.8698998292164406 0.0 10.0
0.02770559953272822 -0.6193712505108588 0.3697556767219161 0.5105586621125962 -0.6060786954187707 0.1336473505610618 0.1960469527769786 0.9756212572696665 0.0 11.0
-0.3751665791545229 0.7786150359051545 -0.2929516851114533 0.48353576762369666 -0.5176771548896617 0.6446382649068518 -0.8788072924967607 0.9821413695745547 0.0 12.0
-0.1914157482525214 -0.07871458144085275 -0.5019724456624932 0.028339213604192226 0.9698332959265799 0.719810035246806 0.8977050122787125 0.948854961991191 0.0 13.0
0.5706142750305732 -0.8834074867275881 -0.07036396896346875 0.27567567278548055 0.9148303503191031 -0.29674174145876964 0.7342766935509957 -0.3302402008041463 0.0 14.0
-0.6693229046998148 0.3728101936785819 -0.8151329400803276 0.7145177225827655 -0.7988410285024221 -0.9682639485233961 0.9108539793299748 0.17395744707410055 0.0 15.0
0.15480063376792907 -0.7819791575861703 -0.11119390159170939 0.7540497296529525 0.6385524612586877 -0.895344654340126 -0.9489079611869631 0.4106268143098961 0.0 16.0
-0.9940551803530864 -0.09528856476313563 0.6919006600197803 -0.33805570107475225 0.2873177500834112 0.5133329106143791 0.6569523251462197 0.9774677227974433 0.0 17.0
0.05790177943037067 0.9526290405712345 -0.3724203336598486 -0.5743290424205485 0.12863057510614673 -0.737543466147595 -0.2979596429378055 -0.1896242833224595 0.0 18.0
-0.8912383755963174 -0.9967716012056893 -0.3388908594179776 0.10678587236093184 -0.8081930400507644 0.050416299317843416 -0.4348237887826838 0.26724945154600266 0.0 19.0
-0.9925013461589907 -0.05553200831813454 -0.7092429553792834 0.7782466657329736 0.19613338806038527 -0.9708144705074606 0.15998036837881635 0.02426190790174254 0.0 20.0
-0.20575059863050882 0.9633512719923791 -0.8511401473351892 0.7910854738442974 -0.4693033867497842 -0.19150884029995585 0.724440863393421 -0.5471683673244159 0.0 21.0
-0.49948332951926777 0.13027377013153862 0.09406134727325233 -0.1981755694136993 0.03384714622337914 -0.24058902869800725 -0.14371010792105166 -0.8848206035504722 0.0 22.0
0.15279467852240636 0.47852804599789556 -0.13604622451180926 0.060694738787901104 0.15057262095355206 -0.8201091849934554 0.9983607770861278 0.19895860382707076 0.0 23.0
0.16804804591400324 -0.20565436539712922 0.27112137261738734 0.5148818704106299 -0.847233011910776 -0.276170868329912 -0.006160201585531766 -0.6575483161268443 0.0 24.0
0.8219752409126315 0.043037935515560344 -0.43994246062582976 -0.7531497526224189 0.957826746947477 -0.06950722110102436 0.6984997397057671 0.3951221093370787 0.0 25.0
0.6407450440569538 0.19000446122135317 -0.7495510405674886 0.957851615156065 -0.989837447364216 -0.31984164654616043 -0.713362183348206 -0.748068091547907 0.0 26.0
-0.9242155650914683 0.10170940638924542 -0.33618758541425176 -0.4614378571994593 0.1826110723412615 -0.057439952806027206 -0.12061902112923151 -0.1288773513961421 0.0 27.0
-0.9987892878843079 0.8936609518950172 -0.3159542517015679 -0.28696503554459984 -0.5338542936617408 0.004614395615840872 0.8602709112688098 -0.4107064012152353 0.0 28.0
0.6094360109691064 -0.014363787296029606 -0.5816932188175585 -0.5725753711932262 0.9218870349657438 -0.6679596227904074 0.7225921803226873 0.3733004336270431 0.0 29.0
0.9508001994661324 -0.8356481977864798 -0.8786386683469627 -0.46914928305820847 -0.8108066898793207 -0.7505696310891672 0.8486651637387419 -0.5196844546597228 0.0 30.0
-0.24699609260975364 -0.6215533931962607 -0.585127276969378 0.6750871869520623 0.6547843506557203 -0.45739512541075933 0.52176673065275 0.7462241847670148 0.0 31.0
-0.3172761517577918 -0.5309807092558241 0.6976004323669658 0.6141733823255613 0.9504746394743511 0.38973265332805185 -0.20825949158259216 0.8590267901586441 0.0 32.0
0.8194200151799951 0.26734347100684364 -0.21985414945276593 -0.8960190201220701 -0.46889012619573633 0.7797077994073907 -0.5445367701680843 0.09622241614898819 0.0 33.0
0.30931838385978505 0.5070522226847884 0.45540846186558137 -0.8570950416727492 -0.13704931666818854 0.602169449392693 -0.03669705621329955 0.3494962911520003 0.0 34.0
-0.12048163993490468 0.5627614672816981 -0.5475349950222956 -0.3716346899151548 0.6972101626270621 -0.2123593653189746 0.09304868350429585 -0.352304762117041 0.0 35.0
0.3779748632823705 -0.6722148541429875 0.44438097122880027 -0.167706977206169 0.47832649176668296 0.3468911431059081 0.2579147071124652 -0.3563525335727564 0.0 36.0
0.9537081283406801 0.40142593711525354 -0.9509680482304517 0.5977405603331545 -0.8311683114670854 0.3506131139096553 0.47164882863360114 0.8293068983612273 0.0 37.0
0.8727150507487436 -0.7186330090128517 0.14460913818439192 0.16982098091510078 -0.1069797965401853 -0.12184934140106773 -0.7497344107507453 -0.8910666760582122 0.0 38.0
0.9459260443510764 0.47630770256158494 0.12385635084045621 0.2064544042858263 -0.4227640869559979 -0.3141043763719751 0.44212289810418204 0.7420283904017959 0.0 39.0
